sub,trial,size,current,end,step,reset,tries,score,abstime,trialtime,clicktime,done
T1_4567_Tol,1,3,|13|2||,|321|||,0,0,1,0,14610,0,0,0
T1_4567_Tol,1,3,|1|2|3|,|321|||,1,0,1,0,21343,6733,6733,0
T1_4567_Tol,1,3,|12||3|,|321|||,2,0,1,0,23534,8924,2191,0
T1_4567_Tol,1,3,|1||32|,|321|||,3,0,1,0,27192,12582,3658,0
T1_4567_Tol,1,3,|||321|,|321|||,4,0,1,0,29017,14407,1825,0
T1_4567_Tol,1,3,||1|32|,|321|||,5,0,1,0,39132,24522,10115,0
T1_4567_Tol,1,3,||12|3|,|321|||,6,0,1,0,40705,26095,1573,0
T1_4567_Tol,1,3,|3|12||,|321|||,7,0,1,0,42105,27495,1400,0
T1_4567_Tol,1,3,|32|1||,|321|||,8,0,1,0,43479,28869,1374,0
T1_4567_Tol,1,3,|321|||,|321|||,9,0,1,3,44591,29981,1112,1
T1_4567_Tol,2,3,|12|3||,|3|1|2|,0,0,1,3,46525,0,0,0
T1_4567_Tol,2,3,|1|3|2|,|3|1|2|,1,0,1,3,50673,4148,4148,0
T1_4567_Tol,2,3,|1||23|,|3|1|2|,2,0,1,3,52494,5969,1821,0
T1_4567_Tol,2,3,||1|23|,|3|1|2|,3,0,1,3,53526,7001,1032,0
T1_4567_Tol,2,3,|3|1|2|,|3|1|2|,4,0,1,6,54661,8136,1135,1
T1_4567_Tol,3,3,||3|12|,|3|1|2|,0,0,1,6,57058,0,0,0
T1_4567_Tol,3,3,|3||12|,|3|1|2|,1,0,1,6,61245,4187,4187,0
T1_4567_Tol,3,3,|32||1|,|3|1|2|,2,0,1,6,62971,5913,1726,0
T1_4567_Tol,3,3,|32|1||,|3|1|2|,3,0,1,6,64139,7081,1168,0
T1_4567_Tol,3,3,|3|1|2|,|3|1|2|,4,0,1,9,65282,8224,1143,1
T1_4567_Tol,4,3,|3||21|,|1|32||,0,0,1,9,66057,0,0,0
T1_4567_Tol,4,3,||3|21|,|1|32||,1,0,1,9,68795,2738,2738,0
T1_4567_Tol,4,3,|1|3|2|,|1|32||,2,0,1,9,69855,3798,1060,0
T1_4567_Tol,4,3,|1|32||,|1|32||,3,0,1,12,71303,5246,1448,1
T1_4567_Tol,5,3,|||231|,|3||21|,0,0,1,12,72323,0,0,0
T1_4567_Tol,5,3,||1|23|,|3||21|,1,0,1,12,79041,6718,6718,0
T1_4567_Tol,5,3,|3|1|2|,|3||21|,2,0,1,12,80126,7803,1085,0
T1_4567_Tol,5,3,|3||21|,|3||21|,3,0,1,15,81851,9528,1725,1
T1_4567_Tol,6,3,||123||,||132||,0,0,1,15,83419,0,0,0
T1_4567_Tol,6,3,||12|3|,||132||,1,0,1,15,91587,8168,8168,0
T1_4567_Tol,6,3,|2|1|3|,||132||,2,0,1,15,92680,9261,1093,0
T1_4567_Tol,6,3,|2|13||,||132||,3,0,1,15,93911,10492,1231,0
T1_4567_Tol,6,3,||132||,||132||,4,0,1,18,94799,11380,888,1
T1_4567_Tol,7,3,||32|1|,|23||1|,0,0,1,18,95713,0,0,0
T1_4567_Tol,7,3,||3|12|,|23||1|,1,0,1,18,99695,3982,3982,0
T1_4567_Tol,7,3,|3||12|,|23||1|,2,0,1,18,100522,4809,827,0
T1_4567_Tol,7,3,||3|12|,|23||1|,3,0,1,18,102203,6490,1681,0
T1_4567_Tol,7,3,|2|3|1|,|23||1|,4,0,1,18,103085,7372,882,0
T1_4567_Tol,7,3,|23||1|,|23||1|,5,0,1,21,104071,8358,986,1
T1_4567_Tol,8,3,|1|2|3|,|1||23|,0,0,1,21,104874,0,0,0
T1_4567_Tol,8,3,|13|2||,|1||23|,1,0,1,21,110897,6023,6023,0
T1_4567_Tol,8,3,|13||2|,|1||23|,2,0,1,21,111793,6919,896,0
T1_4567_Tol,8,3,|1||23|,|1||23|,3,0,1,24,112813,7939,1020,1
T1_4567_Tol,9,4,|31|24||,|4|32|1|,0,0,1,24,113984,0,0,0
T1_4567_Tol,9,4,|3|24|1|,|4|32|1|,1,0,1,24,117133,3149,3149,0
T1_4567_Tol,9,4,||24|13|,|4|32|1|,2,0,1,24,119943,5959,2810,0
T1_4567_Tol,9,4,|4|2|13|,|4|32|1|,3,0,1,24,120942,6958,999,0
T1_4567_Tol,9,4,|42||13|,|4|32|1|,4,0,1,24,122946,8962,2004,0
T1_4567_Tol,9,4,|42|3|1|,|4|32|1|,5,0,1,24,123768,9784,822,0
T1_4567_Tol,9,4,|4|32|1|,|4|32|1|,6,0,1,27,125440,11456,1672,1
T1_4567_Tol,10,4,|23|41||,|41|3|2|,0,0,1,27,126376,0,0,0
T1_4567_Tol,10,4,|23|4|1|,|41|3|2|,1,0,1,27,137717,11341,11341,0
T1_4567_Tol,10,4,|23||14|,|41|3|2|,2,0,1,27,138634,12258,917,0
T1_4567_Tol,10,4,|2||143|,|41|3|2|,3,0,1,27,141773,15397,3139,0
T1_4567_Tol,10,4,||2|143|,|41|3|2|,4,0,1,27,143912,17536,2139,0
T1_4567_Tol,10,4,||23|14|,|41|3|2|,5,0,1,27,146075,19699,2163,0
T1_4567_Tol,10,4,|4|23|1|,|41|3|2|,6,0,1,27,147520,21144,1445,0
T1_4567_Tol,10,4,|41|23||,|41|3|2|,7,0,1,27,148597,22221,1077,0
T1_4567_Tol,10,4,|413|2||,|41|3|2|,8,0,1,27,151060,24684,2463,0
T1_4567_Tol,10,4,|413||2|,|41|3|2|,9,0,1,27,152124,25748,1064,0
T1_4567_Tol,10,4,|41|3|2|,|41|3|2|,10,0,1,30,153271,26895,1147,1
T1_4567_Tol,11,4,|1|2|43|,|3|1|42|,0,0,1,30,154002,0,0,0
T1_4567_Tol,11,4,||21|43|,|3|1|42|,1,0,1,30,162121,8119,8119,0
T1_4567_Tol,11,4,|3|21|4|,|3|1|42|,2,0,1,30,163151,9149,1030,0
T1_4567_Tol,11,4,|3|2|41|,|3|1|42|,3,0,1,30,165665,11663,2514,0
T1_4567_Tol,11,4,|32||41|,|3|1|42|,4,0,1,30,166527,12525,862,0
T1_4567_Tol,11,4,|32|1|4|,|3|1|42|,5,0,1,30,167435,13433,908,0
T1_4567_Tol,11,4,|3|1|42|,|3|1|42|,6,0,1,33,169019,15017,1584,1
T1_4567_Tol,12,4,|1|42|3|,|2||431|,0,0,1,33,169709,0,0,0
T1_4567_Tol,12,4,||42|31|,|2||431|,1,0,1,33,173974,4265,4265,0
T1_4567_Tol,12,4,|2|4|31|,|2||431|,2,0,1,33,174874,5165,900,0
T1_4567_Tol,12,4,|21|4|3|,|2||431|,3,0,1,33,178776,9067,3902,0
T1_4567_Tol,12,4,|213|4||,|2||431|,4,0,1,33,180543,10834,1767,0
T1_4567_Tol,12,4,|213||4|,|2||431|,5,0,1,33,181514,11805,971,0
T1_4567_Tol,12,4,|21||43|,|2||431|,6,0,1,33,182927,13218,1413,0
T1_4567_Tol,12,4,|2||431|,|2||431|,7,0,1,36,184120,14411,1193,1
T1_4567_Tol,13,4,|3|42|1|,|132|4||,0,0,1,36,184762,0,0,0
T1_4567_Tol,13,4,||42|13|,|132|4||,1,0,1,36,191321,6559,6559,0
T1_4567_Tol,13,4,||423|1|,|132|4||,2,0,1,36,196222,11460,4901,0
T1_4567_Tol,13,4,|1|423||,|132|4||,3,0,1,36,197107,12345,885,0
T1_4567_Tol,13,4,|13|42||,|132|4||,4,0,1,36,198046,13284,939,0
T1_4567_Tol,13,4,|132|4||,|132|4||,5,0,1,39,198903,14141,857,1
T1_4567_Tol,14,4,|423||1|,|12|3|4|,0,0,1,39,199625,0,0,0
T1_4567_Tol,14,4,|42|3|1|,|12|3|4|,1,0,1,39,207581,7956,7956,0
T1_4567_Tol,14,4,|42|31||,|12|3|4|,2,0,1,39,213278,13653,5697,0
T1_4567_Tol,14,4,|4|312||,|12|3|4|,3,0,1,39,214073,14448,795,0
T1_4567_Tol,14,4,||312|4|,|12|3|4|,4,0,1,39,215018,15393,945,0
T1_4567_Tol,14,4,||31|42|,|12|3|4|,5,0,1,39,217378,17753,2360,0
T1_4567_Tol,14,4,|1|3|42|,|12|3|4|,6,0,1,39,218054,18429,676,0
T1_4567_Tol,14,4,|12|3|4|,|12|3|4|,7,0,1,42,219601,19976,1547,1
T1_4567_Tol,15,4,||13|24|,|431|2||,0,0,1,42,220748,0,0,0
T1_4567_Tol,15,4,|4|13|2|,|431|2||,1,0,1,42,226323,5575,5575,0
T1_4567_Tol,15,4,|43|1|2|,|431|2||,2,0,1,42,227808,7060,1485,0
T1_4567_Tol,15,4,|431||2|,|431|2||,3,0,1,42,229024,8276,1216,0
T1_4567_Tol,15,4,|431|2||,|431|2||,4,0,1,45,229871,9123,847,1
T1_4567_Tol,16,4,|21|4|3|,|1|4|32|,0,0,1,45,230441,0,0,0
T1_4567_Tol,16,4,|2|41|3|,|1|4|32|,1,0,1,45,234909,4468,4468,0
T1_4567_Tol,16,4,||41|32|,|1|4|32|,2,0,1,45,236627,6186,1718,0
T1_4567_Tol,16,4,|1|4|32|,|1|4|32|,3,0,1,48,237610,7169,983,1
T1_4567_Tol,17,5,|134||25|,|413|2|5|,0,0,1,48,238308,0,0,0
T1_4567_Tol,17,5,|1345||2|,|413|2|5|,1,0,1,48,245004,6696,6696,0
T1_4567_Tol,17,5,|1345|2||,|413|2|5|,2,0,1,48,245917,7609,913,0
T1_4567_Tol,17,5,|134|2|5|,|413|2|5|,3,0,1,48,246924,8616,1007,0
T1_4567_Tol,17,5,|13|2|54|,|413|2|5|,4,0,1,48,251459,13151,4535,0
T1_4567_Tol,17,5,|1|23|54|,|413|2|5|,5,0,1,48,254109,15801,2650,0
T1_4567_Tol,17,5,||23|541|,|413|2|5|,6,0,1,48,258056,19748,3947,0
T1_4567_Tol,17,5,||231|54|,|413|2|5|,7,0,1,48,260043,21735,1987,0
T1_4567_Tol,17,5,|4|231|5|,|413|2|5|,8,0,1,48,261029,22721,986,0
T1_4567_Tol,17,5,|41|23|5|,|413|2|5|,9,0,1,48,262000,23692,971,0
T1_4567_Tol,17,5,|413|2|5|,|413|2|5|,10,0,1,51,263225,24917,1225,1
T1_4567_Tol,18,5,|14|3|25|,||3245|1|,0,0,1,51,264112,0,0,0
T1_4567_Tol,18,5,|145|3|2|,||3245|1|,1,0,1,51,270738,6626,6626,0
T1_4567_Tol,18,5,|145|32||,||3245|1|,2,0,1,51,271861,7749,1123,0
T1_4567_Tol,18,5,|14|32|5|,||3245|1|,3,0,1,51,273631,9519,1770,0
T1_4567_Tol,18,5,|1|324|5|,||3245|1|,4,0,1,51,274724,10612,1093,0
T1_4567_Tol,18,5,|1|3245||,||3245|1|,5,0,1,51,276026,11914,1302,0
T1_4567_Tol,18,5,||3245|1|,||3245|1|,6,0,1,54,276984,12872,958,1
T1_4567_Tol,19,5,||315|42|,|35||142|,0,0,1,54,277591,0,0,0
T1_4567_Tol,19,5,||31|425|,|35||142|,1,0,1,54,280751,3160,3160,0
T1_4567_Tol,19,5,||3|4251|,|35||142|,2,0,1,54,283610,6019,2859,0
T1_4567_Tol,19,5,|3||4251|,|35||142|,3,0,1,54,284353,6762,743,0
T1_4567_Tol,19,5,|3|1|425|,|35||142|,4,0,1,54,286979,9388,2626,0
T1_4567_Tol,19,5,|35|1|42|,|35||142|,5,0,1,54,288001,10410,1022,0
T1_4567_Tol,19,5,|352|1|4|,|35||142|,6,0,1,54,290886,13295,2885,0
T1_4567_Tol,19,5,|3524|1||,|35||142|,7,0,1,54,293512,15921,2626,0
T1_4567_Tol,19,5,|3524||1|,|35||142|,8,0,1,54,294344,16753,832,0
T1_4567_Tol,19,5,|352||14|,|35||142|,9,0,1,54,296120,18529,1776,0
T1_4567_Tol,19,5,|35||142|,|35||142|,10,0,1,57,297314,19723,1194,1
T1_4567_Tol,20,5,|41|23|5|,|345|1|2|,0,0,1,57,298418,0,0,0
T1_4567_Tol,20,5,|413|2|5|,|345|1|2|,1,0,1,57,304057,5639,5639,0
T1_4567_Tol,20,5,|4135|2||,|345|1|2|,2,0,1,57,305927,7509,1870,0
T1_4567_Tol,20,5,|4135||2|,|345|1|2|,3,0,1,57,307070,8652,1143,0
T1_4567_Tol,20,5,|413||25|,|345|1|2|,4,0,1,57,308627,10209,1557,0
T1_4567_Tol,20,5,|41||253|,|345|1|2|,5,0,1,57,309811,11393,1184,0
T1_4567_Tol,20,5,|4|1|253|,|345|1|2|,6,0,1,57,310644,12226,833,0
T1_4567_Tol,20,5,||14|253|,|345|1|2|,7,0,1,57,312723,14305,2079,0
T1_4567_Tol,20,5,|3|14|25|,|345|1|2|,8,0,1,57,313682,15264,959,0
T1_4567_Tol,20,5,|34|1|25|,|345|1|2|,9,0,1,57,314510,16092,828,0
T1_4567_Tol,20,5,|345|1|2|,|345|1|2|,10,0,1,60,315722,17304,1212,1
T1_4567_Tol,21,5,||2|5314|,|542|3|1|,0,0,1,60,316354,0,0,0
T1_4567_Tol,21,5,|2||5314|,|542|3|1|,1,0,1,60,327706,11352,11352,0
T1_4567_Tol,21,5,|24||531|,|542|3|1|,2,0,1,60,331489,15135,3783,0
T1_4567_Tol,21,5,|241||53|,|542|3|1|,3,0,1,60,333100,16746,1611,0
T1_4567_Tol,21,5,|241|3|5|,|542|3|1|,4,0,1,60,334208,17854,1108,0
T1_4567_Tol,21,5,|241|35||,|542|3|1|,5,0,1,60,336534,20180,2326,0
T1_4567_Tol,21,5,|24|35|1|,|542|3|1|,6,0,1,60,337404,21050,870,0
T1_4567_Tol,21,5,|2|35|14|,|542|3|1|,7,0,1,60,342819,26465,5415,0
T1_4567_Tol,21,5,||35|142|,|542|3|1|,8,0,1,60,344318,27964,1499,0
T1_4567_Tol,21,5,|5|3|142|,|542|3|1|,9,0,1,60,345052,28698,734,0
T1_4567_Tol,21,5,|5|32|14|,|542|3|1|,10,0,1,60,347348,30994,2296,0
T1_4567_Tol,21,5,|54|32|1|,|542|3|1|,11,0,1,60,348163,31809,815,0
T1_4567_Tol,21,5,|542|3|1|,|542|3|1|,12,0,1,63,349121,32767,958,1
T1_4567_Tol,22,5,|42|51|3|,|25|3|41|,0,0,1,63,350055,0,0,0
T1_4567_Tol,22,5,|421|5|3|,|25|3|41|,1,0,1,63,361007,10952,10952,0
T1_4567_Tol,22,5,|4215||3|,|25|3|41|,2,0,1,63,362162,12107,1155,0
T1_4567_Tol,22,5,|4215|3||,|25|3|41|,3,0,1,63,363106,13051,944,0
T1_4567_Tol,22,5,|421|35||,|25|3|41|,4,0,1,63,364330,14275,1224,0
T1_4567_Tol,22,5,|42|351||,|25|3|41|,5,0,1,63,366316,16261,1986,0
T1_4567_Tol,22,5,|4|3512||,|25|3|41|,6,0,1,63,367086,17031,770,0
T1_4567_Tol,22,5,||3512|4|,|25|3|41|,7,0,1,63,368009,17954,923,0
T1_4567_Tol,22,5,|2|351|4|,|25|3|41|,8,0,1,63,369280,19225,1271,0
T1_4567_Tol,22,5,|2|35|41|,|25|3|41|,9,0,1,63,370623,20568,1343,0
T1_4567_Tol,22,5,|25|3|41|,|25|3|41|,10,0,1,66,371447,21392,824,1
T1_4567_Tol,23,5,|4512|3||,||35|241|,0,0,1,66,372079,0,0,0
T1_4567_Tol,23,5,|451|3|2|,||35|241|,1,0,1,66,375849,3770,3770,0
T1_4567_Tol,23,5,|45|3|21|,||35|241|,2,0,1,66,378069,5990,2220,0
T1_4567_Tol,23,5,|4|35|21|,||35|241|,3,0,1,66,379130,7051,1061,0
T1_4567_Tol,23,5,|4|351|2|,||35|241|,4,0,1,66,380436,8357,1306,0
T1_4567_Tol,23,5,||351|24|,||35|241|,5,0,1,66,381904,9825,1468,0
T1_4567_Tol,23,5,||35|241|,||35|241|,6,0,1,69,382733,10654,829,1
T1_4567_Tol,24,5,|31|25|4|,|3|14|25|,0,0,1,69,383342,0,0,0
T1_4567_Tol,24,5,|3|25|41|,|3|14|25|,1,0,1,69,389614,6272,6272,0
T1_4567_Tol,24,5,|3|2|415|,|3|14|25|,2,0,1,69,395087,11745,5473,0
T1_4567_Tol,24,5,|3|2|415|,|3|14|25|,3,0,1,69,401266,17924,6179,0
T1_4567_Tol,24,5,|35|2|41|,|3|14|25|,4,0,1,69,403474,20132,2208,0
T1_4567_Tol,24,5,|351|2|4|,|3|14|25|,5,0,1,69,405726,22384,2252,0
T1_4567_Tol,24,5,|3514|2||,|3|14|25|,6,0,1,69,407091,23749,1365,0
T1_4567_Tol,24,5,|3514||2|,|3|14|25|,7,0,1,69,408120,24778,1029,0
T1_4567_Tol,24,5,|351||24|,|3|14|25|,8,0,1,69,410132,26790,2012,0
T1_4567_Tol,24,5,|35|1|24|,|3|14|25|,9,0,1,69,411592,28250,1460,0
T1_4567_Tol,24,5,|35|14|2|,|3|14|25|,10,0,1,69,412320,28978,728,0
T1_4567_Tol,24,5,|3|14|25|,|3|14|25|,11,0,1,72,413235,29893,915,1
