sub,trial,size,current,end,step,reset,tries,score,abstime,trialtime,clicktime,done
T1_4570_tol,1,3,|32||1|,|1|2|3|,0,0,1,0,18458,0,0,0
T1_4570_tol,1,3,|3|2|1|,|1|2|3|,1,0,1,0,32508,14050,14050,0
T1_4570_tol,1,3,||23|1|,|1|2|3|,2,0,1,0,34361,15903,1853,0
T1_4570_tol,1,3,|1|23||,|1|2|3|,3,0,1,0,35214,16756,853,0
T1_4570_tol,1,3,|1|2|3|,|1|2|3|,4,0,1,3,36347,17889,1133,1
T1_4570_tol,2,3,|2||13|,|13||2|,0,0,1,3,38682,0,0,0
T1_4570_tol,2,3,||2|13|,|13||2|,1,0,1,3,43046,4364,4364,0
T1_4570_tol,2,3,||23|1|,|13||2|,2,0,1,3,44040,5358,994,0
T1_4570_tol,2,3,|1|23||,|13||2|,3,0,1,3,44855,6173,815,0
T1_4570_tol,2,3,|13|2||,|13||2|,4,0,1,3,45641,6959,786,0
T1_4570_tol,2,3,|13||2|,|13||2|,5,0,1,6,46329,7647,688,1
T1_4570_tol,3,3,|31|2||,||2|31|,0,0,1,6,47258,0,0,0
T1_4570_tol,3,3,|3|21||,||2|31|,1,0,1,6,50111,2853,2853,0
T1_4570_tol,3,3,||21|3|,||2|31|,2,0,1,6,50790,3532,679,0
T1_4570_tol,3,3,||2|31|,||2|31|,3,0,1,9,51456,4198,666,1
T1_4570_tol,4,3,|2|31||,|31|2||,0,0,1,9,52186,0,0,0
T1_4570_tol,4,3,||31|2|,|31|2||,1,0,1,9,54720,2534,2534,0
T1_4570_tol,4,3,||3|21|,|31|2||,2,0,1,9,55590,3404,870,0
T1_4570_tol,4,3,|3||21|,|31|2||,3,0,1,9,56391,4205,801,0
T1_4570_tol,4,3,|3|1|2|,|31|2||,4,0,1,9,57255,5069,864,0
T1_4570_tol,4,3,|31||2|,|31|2||,5,0,1,9,58501,6315,1246,0
T1_4570_tol,4,3,|31|2||,|31|2||,6,0,1,12,59611,7425,1110,1
T1_4570_tol,5,3,||321||,|2|13||,0,0,1,12,60151,0,0,0
T1_4570_tol,5,3,||32|1|,|2|13||,1,0,1,12,62965,2814,2814,0
T1_4570_tol,5,3,|2|3|1|,|2|13||,2,0,1,12,64540,4389,1575,0
T1_4570_tol,5,3,|2||13|,|2|13||,3,0,1,12,65468,5317,928,0
T1_4570_tol,5,3,|23||1|,|2|13||,4,0,1,12,69108,8957,3640,0
T1_4570_tol,5,3,|23|1||,|2|13||,5,0,1,12,70403,10252,1295,0
T1_4570_tol,5,3,|2|13||,|2|13||,6,0,1,15,71096,10945,693,1
T1_4570_tol,6,3,|2|1|3|,|2||13|,0,0,1,15,71784,0,0,0
T1_4570_tol,6,3,|23|1||,|2||13|,1,0,1,15,74570,2786,2786,0
T1_4570_tol,6,3,|23||1|,|2||13|,2,0,1,15,75409,3625,839,0
T1_4570_tol,6,3,|2||13|,|2||13|,3,0,1,18,76297,4513,888,1
T1_4570_tol,7,3,|3|2|1|,|13|2||,0,0,1,18,76946,0,0,0
T1_4570_tol,7,3,||23|1|,|13|2||,1,0,1,18,79386,2440,2440,0
T1_4570_tol,7,3,|1|23||,|13|2||,2,0,1,18,80092,3146,706,0
T1_4570_tol,7,3,|13|2||,|13|2||,3,0,1,21,81217,4271,1125,1
T1_4570_tol,8,3,||23|1|,|312|||,0,0,1,21,82053,0,0,0
T1_4570_tol,8,3,|3|2|1|,|312|||,1,0,1,21,86606,4553,4553,0
T1_4570_tol,8,3,|3||12|,|312|||,2,0,1,21,88144,6091,1538,0
T1_4570_tol,8,3,||3|12|,|312|||,3,0,1,21,89171,7118,1027,0
T1_4570_tol,8,3,|2|3|1|,|312|||,4,0,1,21,90353,8300,1182,0
T1_4570_tol,8,3,|2|31||,|312|||,5,0,1,21,91184,9131,831,0
T1_4570_tol,8,3,||312||,|312|||,6,0,1,21,91870,9817,686,0
T1_4570_tol,8,3,||31|2|,|312|||,7,0,1,21,100944,18891,9074,0
T1_4570_tol,8,3,||3|21|,|312|||,8,0,1,21,101780,19727,836,0
T1_4570_tol,8,3,|3||21|,|312|||,9,0,1,21,102543,20490,763,0
T1_4570_tol,8,3,|3|1|2|,|312|||,10,0,1,21,103703,21650,1160,0
T1_4570_tol,8,3,|32|1||,|312|||,11,0,1,21,104486,22433,783,0
T1_4570_tol,8,3,|321|||,|312|||,12,0,1,21,105206,23153,720,0
T1_4570_tol,8,3,|32|1||,|312|||,13,0,1,21,108730,26677,3524,0
T1_4570_tol,8,3,|3|1|2|,|312|||,14,0,1,21,109818,27765,1088,0
T1_4570_tol,8,3,|31||2|,|312|||,15,0,1,21,110599,28546,781,0
T1_4570_tol,8,3,|312|||,|312|||,16,0,1,24,111452,29399,853,1
T1_4570_tol,9,4,||41|32|,|3||412|,0,0,1,24,111976,0,0,0
T1_4570_tol,9,4,||412|3|,|3||412|,1,0,1,24,114341,2365,2365,0
T1_4570_tol,9,4,|3|412||,|3||412|,2,0,1,24,115143,3167,802,0
T1_4570_tol,9,4,|32|41||,|3||412|,3,0,1,24,116034,4058,891,0
T1_4570_tol,9,4,|321|4||,|3||412|,4,0,1,24,116813,4837,779,0
T1_4570_tol,9,4,|321||4|,|3||412|,5,0,1,24,117662,5686,849,0
T1_4570_tol,9,4,|32||41|,|3||412|,6,0,1,24,118604,6628,942,0
T1_4570_tol,9,4,|3||412|,|3||412|,7,0,1,27,119469,7493,865,1
T1_4570_tol,10,4,|14||23|,|3|2|41|,0,0,1,27,119895,0,0,0
T1_4570_tol,10,4,|143||2|,|3|2|41|,1,0,1,27,122708,2813,2813,0
T1_4570_tol,10,4,|143|2||,|3|2|41|,2,0,1,27,123641,3746,933,0
T1_4570_tol,10,4,|14|23||,|3|2|41|,3,0,1,27,125215,5320,1574,0
T1_4570_tol,10,4,|1|23|4|,|3|2|41|,4,0,1,27,126105,6210,890,0
T1_4570_tol,10,4,||23|41|,|3|2|41|,5,0,1,27,127023,7128,918,0
T1_4570_tol,10,4,|3|2|41|,|3|2|41|,6,0,1,30,127908,8013,885,1
T1_4570_tol,11,4,||3|241|,|2|43|1|,0,0,1,30,128278,0,0,0
T1_4570_tol,11,4,|3||241|,|2|43|1|,1,0,1,30,131270,2992,2992,0
T1_4570_tol,11,4,|31||24|,|2|43|1|,2,0,1,30,132094,3816,824,0
T1_4570_tol,11,4,|31|4|2|,|2|43|1|,3,0,1,30,133423,5145,1329,0
T1_4570_tol,11,4,|3|41|2|,|2|43|1|,4,0,1,30,134291,6013,868,0
T1_4570_tol,11,4,|3|41|2|,|2|43|1|,5,0,1,30,136577,8299,2286,0
T1_4570_tol,11,4,|3|4|21|,|2|43|1|,6,0,1,30,137690,9412,1113,0
T1_4570_tol,11,4,||43|21|,|2|43|1|,7,0,1,30,138514,10236,824,0
T1_4570_tol,11,4,||431|2|,|2|43|1|,8,0,1,30,140346,12068,1832,0
T1_4570_tol,11,4,|2|431||,|2|43|1|,9,0,1,30,141188,12910,842,0
T1_4570_tol,11,4,|2|43|1|,|2|43|1|,10,0,1,33,142112,13834,924,1
T1_4570_tol,12,4,|24|3|1|,|421||3|,0,0,1,33,142652,0,0,0
T1_4570_tol,12,4,|241|3||,|421||3|,1,0,1,33,144885,2233,2233,0
T1_4570_tol,12,4,|241||3|,|421||3|,2,0,1,33,145597,2945,712,0
T1_4570_tol,12,4,|24|1|3|,|421||3|,3,0,1,33,148826,6174,3229,0
T1_4570_tol,12,4,|24||31|,|421||3|,4,0,1,33,149832,7180,1006,0
T1_4570_tol,12,4,|2|4|31|,|421||3|,5,0,1,33,150743,8091,911,0
T1_4570_tol,12,4,||4|312|,|421||3|,6,0,1,33,151774,9122,1031,0
T1_4570_tol,12,4,|4||312|,|421||3|,7,0,1,33,152607,9955,833,0
T1_4570_tol,12,4,|42||31|,|421||3|,8,0,1,33,153652,11000,1045,0
T1_4570_tol,12,4,|421||3|,|421||3|,9,0,1,36,154787,12135,1135,1
T1_4570_tol,13,4,|32|41||,|4|132||,0,0,1,36,155428,0,0,0
T1_4570_tol,13,4,|3|412||,|4|132||,1,0,1,36,159595,4167,4167,0
T1_4570_tol,13,4,||412|3|,|4|132||,2,0,1,36,162555,7127,2960,0
T1_4570_tol,13,4,||41|32|,|4|132||,3,0,1,36,163552,8124,997,0
T1_4570_tol,13,4,||4|321|,|4|132||,4,0,1,36,164275,8847,723,0
T1_4570_tol,13,4,|4||321|,|4|132||,5,0,1,36,164952,9524,677,0
T1_4570_tol,13,4,|4|1|32|,|4|132||,6,0,1,36,166601,11173,1649,0
T1_4570_tol,13,4,|42|1|3|,|4|132||,7,0,1,36,167652,12224,1051,0
T1_4570_tol,13,4,|42|13||,|4|132||,8,0,1,36,168419,12991,767,0
T1_4570_tol,13,4,|4|132||,|4|132||,9,0,1,39,169257,13829,838,1
T1_4570_tol,14,4,|1|32|4|,|3|42|1|,0,0,1,39,169724,0,0,0
T1_4570_tol,14,4,|1|3|42|,|3|42|1|,1,0,1,39,172988,3264,3264,0
T1_4570_tol,14,4,|1||423|,|3|42|1|,2,0,1,39,174129,4405,1141,0
T1_4570_tol,14,4,||1|423|,|3|42|1|,3,0,1,39,175225,5501,1096,0
T1_4570_tol,14,4,|3|1|42|,|3|42|1|,4,0,1,39,176076,6352,851,0
T1_4570_tol,14,4,|31||42|,|3|42|1|,5,0,1,39,178575,8851,2499,0
T1_4570_tol,14,4,|312||4|,|3|42|1|,6,0,1,39,179866,10142,1291,0
T1_4570_tol,14,4,|312|4||,|3|42|1|,7,0,1,39,180873,11149,1007,0
T1_4570_tol,14,4,|31|42||,|3|42|1|,8,0,1,39,181620,11896,747,0
T1_4570_tol,14,4,|3|42|1|,|3|42|1|,9,0,1,42,182396,12672,776,1
T1_4570_tol,15,4,|43|2|1|,||41|32|,0,0,1,42,182951,0,0,0
T1_4570_tol,15,4,|43|21||,||41|32|,1,0,1,42,184858,1907,1907,0
T1_4570_tol,15,4,|4|21|3|,||41|32|,2,0,1,42,186448,3497,1590,0
T1_4570_tol,15,4,|41|2|3|,||41|32|,3,0,1,42,188550,5599,2102,0
T1_4570_tol,15,4,|41||32|,||41|32|,4,0,1,42,189390,6439,840,0
T1_4570_tol,15,4,|4||321|,||41|32|,5,0,1,42,190405,7454,1015,0
T1_4570_tol,15,4,||4|321|,||41|32|,6,0,1,42,191158,8207,753,0
T1_4570_tol,15,4,||41|32|,||41|32|,7,0,1,45,191871,8920,713,1
T1_4570_tol,16,4,|2|14|3|,|3|1|42|,0,0,1,45,192262,0,0,0
T1_4570_tol,16,4,||142|3|,|3|1|42|,1,0,1,45,194722,2460,2460,0
T1_4570_tol,16,4,|3|142||,|3|1|42|,2,0,1,45,195889,3627,1167,0
T1_4570_tol,16,4,|32|14||,|3|1|42|,3,0,1,45,197479,5217,1590,0
T1_4570_tol,16,4,|32|1|4|,|3|1|42|,4,0,1,45,198125,5863,646,0
T1_4570_tol,16,4,|3|1|42|,|3|1|42|,5,0,1,48,198964,6702,839,1
T1_4570_tol,17,5,|5|3|412|,|32|5|14|,0,0,1,48,199406,0,0,0
T1_4570_tol,17,5,|5||4123|,|32|5|14|,1,0,1,48,201672,2266,2266,0
T1_4570_tol,17,5,||5|4123|,|32|5|14|,2,0,1,48,202596,3190,924,0
T1_4570_tol,17,5,|3|5|412|,|32|5|14|,3,0,1,48,203390,3984,794,0
T1_4570_tol,17,5,|32|5|41|,|32|5|14|,4,0,1,48,204675,5269,1285,0
T1_4570_tol,17,5,|32|51|4|,|32|5|14|,5,0,1,48,205967,6561,1292,0
T1_4570_tol,17,5,|324|51||,|32|5|14|,6,0,1,48,207293,7887,1326,0
T1_4570_tol,17,5,|324|5|1|,|32|5|14|,7,0,1,48,208119,8713,826,0
T1_4570_tol,17,5,|32|5|14|,|32|5|14|,8,0,1,51,209469,10063,1350,1
T1_4570_tol,18,5,|352|1|4|,|5|34|21|,0,0,1,51,210010,0,0,0
T1_4570_tol,18,5,|352|14||,|5|34|21|,1,0,1,51,211929,1919,1919,0
T1_4570_tol,18,5,|35|14|2|,|5|34|21|,2,0,1,51,212757,2747,828,0
T1_4570_tol,18,5,|3|145|2|,|5|34|21|,3,0,1,51,214679,4669,1922,0
T1_4570_tol,18,5,||145|23|,|5|34|21|,4,0,1,51,215692,5682,1013,0
T1_4570_tol,18,5,|5|14|23|,|5|34|21|,5,0,1,51,216575,6565,883,0
T1_4570_tol,18,5,|54|1|23|,|5|34|21|,6,0,1,51,218235,8225,1660,0
T1_4570_tol,18,5,|541||23|,|5|34|21|,7,0,1,51,219395,9385,1160,0
T1_4570_tol,18,5,|541|3|2|,|5|34|21|,8,0,1,51,220781,10771,1386,0
T1_4570_tol,18,5,|54|3|21|,|5|34|21|,9,0,1,51,222218,12208,1437,0
T1_4570_tol,18,5,|5|34|21|,|5|34|21|,10,0,1,54,223110,13100,892,1
T1_4570_tol,19,5,|5|214|3|,||23|415|,0,0,1,54,223669,0,0,0
T1_4570_tol,19,5,||2145|3|,||23|415|,1,0,1,54,228324,4655,4655,0
T1_4570_tol,19,5,||2145|3|,||23|415|,2,0,1,54,231977,8308,3653,0
T1_4570_tol,19,5,|5|214|3|,||23|415|,3,0,1,54,234277,10608,2300,0
T1_4570_tol,19,5,|54|21|3|,||23|415|,4,0,1,54,235268,11599,991,0
T1_4570_tol,19,5,|541|2|3|,||23|415|,5,0,1,54,237836,14167,2568,0
T1_4570_tol,19,5,|541|23||,||23|415|,6,0,1,54,238695,15026,859,0
T1_4570_tol,19,5,|54|231||,||23|415|,7,0,1,54,240119,16450,1424,0
T1_4570_tol,19,5,|5|231|4|,||23|415|,8,0,1,54,240905,17236,786,0
T1_4570_tol,19,5,|5|23|41|,||23|415|,9,0,1,54,241772,18103,867,0
T1_4570_tol,19,5,||23|415|,||23|415|,10,0,1,57,242549,18880,777,1
T1_4570_tol,20,5,|35||421|,|2|435|1|,0,0,1,57,243014,0,0,0
T1_4570_tol,20,5,|3|5|421|,|2|435|1|,1,0,1,57,244875,1861,1861,0
T1_4570_tol,20,5,||53|421|,|2|435|1|,2,0,1,57,245700,2686,825,0
T1_4570_tol,20,5,||531|42|,|2|435|1|,3,0,1,57,246615,3601,915,0
T1_4570_tol,20,5,|2|531|4|,|2|435|1|,4,0,1,57,247442,4428,827,0
T1_4570_tol,20,5,|2|5314||,|2|435|1|,5,0,1,57,249381,6367,1939,0
T1_4570_tol,20,5,|24|531||,|2|435|1|,6,0,1,57,250538,7524,1157,0
T1_4570_tol,20,5,|24|53|1|,|2|435|1|,7,0,1,57,251763,8749,1225,0
T1_4570_tol,20,5,|24|5|13|,|2|435|1|,8,0,1,57,253921,10907,2158,0
T1_4570_tol,20,5,|24||135|,|2|435|1|,9,0,1,57,254849,11835,928,0
T1_4570_tol,20,5,|2|4|135|,|2|435|1|,10,0,1,57,255684,12670,835,0
T1_4570_tol,20,5,|25|4|13|,|2|435|1|,11,0,1,57,256991,13977,1307,0
T1_4570_tol,20,5,|25|43|1|,|2|435|1|,12,0,1,57,258088,15074,1097,0
T1_4570_tol,20,5,|2|435|1|,|2|435|1|,13,0,1,60,258851,15837,763,1
T1_4570_tol,21,5,|54|132||,|524|31||,0,0,1,60,259296,0,0,0
T1_4570_tol,21,5,|542|13||,|524|31||,1,0,1,60,262024,2728,2728,0
T1_4570_tol,21,5,|5423|1||,|524|31||,2,0,1,60,263184,3888,1160,0
T1_4570_tol,21,5,|5423||1|,|524|31||,3,0,1,60,264874,5578,1690,0
T1_4570_tol,21,5,|542|3|1|,|524|31||,4,0,1,60,265731,6435,857,0
T1_4570_tol,21,5,|542|31||,|524|31||,5,0,1,60,266679,7383,948,0
T1_4570_tol,21,5,|54|312||,|524|31||,6,0,1,60,268471,9175,1792,0
T1_4570_tol,21,5,|5|312|4|,|524|31||,7,0,1,60,271415,12119,2944,0
T1_4570_tol,21,5,|52|31|4|,|524|31||,8,0,1,60,272554,13258,1139,0
T1_4570_tol,21,5,|524|31||,|524|31||,9,0,1,63,273436,14140,882,1
T1_4570_tol,22,5,|3|15|42|,|215|4|3|,0,0,1,63,273977,0,0,0
T1_4570_tol,22,5,|3|152|4|,|215|4|3|,1,0,1,63,276373,2396,2396,0
T1_4570_tol,22,5,|3|1524||,|215|4|3|,2,0,1,63,277182,3205,809,0
T1_4570_tol,22,5,||1524|3|,|215|4|3|,3,0,1,63,278254,4277,1072,0
T1_4570_tol,22,5,||152|34|,|215|4|3|,4,0,1,63,281303,7326,3049,0
T1_4570_tol,22,5,|2|15|34|,|215|4|3|,5,0,1,63,282526,8549,1223,0
T1_4570_tol,22,5,|2|1|345|,|215|4|3|,6,0,1,63,283382,9405,856,0
T1_4570_tol,22,5,|21||345|,|215|4|3|,7,0,1,63,284110,10133,728,0
T1_4570_tol,22,5,|215||34|,|215|4|3|,8,0,1,63,285050,11073,940,0
T1_4570_tol,22,5,|215|4|3|,|215|4|3|,9,0,1,66,285860,11883,810,1
T1_4570_tol,23,5,||125|34|,|423||51|,0,0,1,66,286534,0,0,0
T1_4570_tol,23,5,|4|125|3|,|423||51|,1,0,1,66,290488,3954,3954,0
T1_4570_tol,23,5,|4|12|35|,|423||51|,2,0,1,66,291539,5005,1051,0
T1_4570_tol,23,5,|42|1|35|,|423||51|,3,0,1,66,292409,5875,870,0
T1_4570_tol,23,5,|42|15|3|,|423||51|,4,0,1,66,293377,6843,968,0
T1_4570_tol,23,5,|423|15||,|423||51|,5,0,1,66,294370,7836,993,0
T1_4570_tol,23,5,|4235|1||,|423||51|,6,0,1,66,296022,9488,1652,0
T1_4570_tol,23,5,|4235||1|,|423||51|,7,0,1,66,296673,10139,651,0
T1_4570_tol,23,5,|423||15|,|423||51|,8,0,1,66,298092,11558,1419,0
T1_4570_tol,23,5,|423|5|1|,|423||51|,9,0,1,66,301740,15206,3648,0
T1_4570_tol,23,5,|4231|5||,|423||51|,10,0,1,66,303104,16570,1364,0
T1_4570_tol,23,5,|4231||5|,|423||51|,11,0,1,66,303844,17310,740,0
T1_4570_tol,23,5,|423||51|,|423||51|,12,0,1,69,304595,18061,751,1
T1_4570_tol,24,5,|3412|5||,|45|13|2|,0,0,1,69,305345,0,0,0
T1_4570_tol,24,5,|341|5|2|,|45|13|2|,1,0,1,69,307909,2564,2564,0
T1_4570_tol,24,5,|34|51|2|,|45|13|2|,2,0,1,69,310500,5155,2591,0
T1_4570_tol,24,5,|3|514|2|,|45|13|2|,3,0,1,69,312325,6980,1825,0
T1_4570_tol,24,5,||514|23|,|45|13|2|,4,0,1,69,313508,8163,1183,0
T1_4570_tol,24,5,||51|234|,|45|13|2|,5,0,1,69,314938,9593,1430,0
T1_4570_tol,24,5,||5|2341|,|45|13|2|,6,0,1,69,316385,11040,1447,0
T1_4570_tol,24,5,||51|234|,|45|13|2|,7,0,1,69,317807,12462,1422,0
T1_4570_tol,24,5,|4|51|23|,|45|13|2|,8,0,1,69,318485,13140,678,0
T1_4570_tol,24,5,|4|5|231|,|45|13|2|,9,0,1,69,319521,14176,1036,0
T1_4570_tol,24,5,|45||231|,|45|13|2|,10,0,1,69,320410,15065,889,0
T1_4570_tol,24,5,|451||23|,|45|13|2|,11,0,1,69,321935,16590,1525,0
T1_4570_tol,24,5,|451|3|2|,|45|13|2|,12,0,1,69,322948,17603,1013,0
T1_4570_tol,24,5,|45|31|2|,|45|13|2|,13,0,1,69,324100,18755,1152,0
T1_4570_tol,24,5,|451|3|2|,|45|13|2|,14,0,1,69,328028,22683,3928,0
T1_4570_tol,24,5,|451||23|,|45|13|2|,15,0,1,69,329167,23822,1139,0
T1_4570_tol,24,5,|45|1|23|,|45|13|2|,16,0,1,69,329900,24555,733,0
T1_4570_tol,24,5,|45|13|2|,|45|13|2|,17,0,1,72,330566,25221,666,1
