sub,trial,size,current,end,step,reset,tries,score,abstime,trialtime,clicktime,done,movimentos_minimos,pontuacao_acumulada
T0_4576_tol,1,3,|32||1|,|23||1|,0,0,1,0,11295,0,0,0,0,0
T0_4576_tol,1,3,|3|2|1|,|23||1|,1,0,1,0,19694,8399,8399,0,0,0
T0_4576_tol,1,3,||2|13|,|23||1|,2,0,1,0,34431,23136,14737,0,0,0
T0_4576_tol,1,3,|2||13|,|23||1|,3,0,1,0,37590,26295,3159,0,0,0
T0_4576_tol,1,3,|23||1|,|23||1|,4,0,1,3,40593,29298,3003,1,4,10
T0_4576_tol,2,3,|3|1|2|,|23|1||,0,0,1,3,63237,0,0,0,0,10
T0_4576_tol,2,3,||13|2|,|23|1||,1,0,1,3,71797,8560,8560,0,0,10
T0_4576_tol,2,3,|2|13||,|23|1||,2,0,1,3,74879,11642,3082,0,0,10
T0_4576_tol,2,3,|23|1||,|23|1||,3,0,1,6,76771,13534,1892,1,3,20
T0_4576_tol,3,3,|3||12|,|||123|,0,0,1,6,79350,0,0,0,0,20
T0_4576_tol,3,3,|||123|,|||123|,1,0,1,9,87278,7928,7928,1,1,30
T0_4576_tol,4,3,|312|||,|23|1||,0,0,1,9,89283,0,0,0,0,30
T0_4576_tol,4,3,|31||2|,|23|1||,1,0,1,9,96214,6931,6931,0,0,30
T0_4576_tol,4,3,|3|1|2|,|23|1||,2,0,1,9,98066,8783,1852,0,0,30
T0_4576_tol,4,3,||13|2|,|23|1||,3,0,1,9,103020,13737,4954,0,0,30
T0_4576_tol,4,3,|2|13||,|23|1||,4,0,1,9,105406,16123,2386,0,0,30
T0_4576_tol,4,3,|23|1||,|23|1||,5,0,1,12,108246,18963,2840,1,5,40
T0_4576_tol,5,3,||3|12|,|2|3|1|,0,0,1,12,110919,0,0,0,0,40
T0_4576_tol,5,3,|2|3|1|,|2|3|1|,1,0,1,15,115668,4749,4749,1,1,50
T0_4576_tol,6,3,|12||3|,|32|1||,0,0,1,15,117768,0,0,0,0,50
T0_4576_tol,6,3,|1|2|3|,|32|1||,1,0,1,15,127293,9525,9525,0,0,50
T0_4576_tol,6,3,||21|3|,|32|1||,2,0,1,15,132358,14590,5065,0,0,50
T0_4576_tol,6,3,|3|21||,|32|1||,3,0,1,15,134916,17148,2558,0,0,50
T0_4576_tol,6,3,|3|2|1|,|32|1||,4,0,1,15,138118,20350,3202,0,0,50
T0_4576_tol,6,3,|32||1|,|32|1||,5,0,1,15,140819,23051,2701,0,0,50
T0_4576_tol,6,3,|32|1||,|32|1||,6,0,1,18,145387,27619,4568,1,5,59
T0_4576_tol,7,3,|21||3|,|1|2|3|,0,0,1,18,147102,0,0,0,0,59
T0_4576_tol,7,3,|2||31|,|1|2|3|,1,0,1,18,153261,6159,6159,0,0,59
T0_4576_tol,7,3,||2|31|,|1|2|3|,2,0,1,18,156395,9293,3134,0,0,59
T0_4576_tol,7,3,|1|2|3|,|1|2|3|,3,0,1,21,158090,10988,1695,1,3,69
T0_4576_tol,8,3,|13|2||,||32|1|,0,0,1,21,160161,0,0,0,0,69
T0_4576_tol,8,3,|13||2|,||32|1|,1,0,1,21,166433,6272,6272,0,0,69
T0_4576_tol,8,3,|1|3|2|,||32|1|,2,0,1,21,173829,13668,7396,0,0,69
T0_4576_tol,8,3,|1|32||,||32|1|,3,0,1,21,176705,16544,2876,0,0,69
T0_4576_tol,8,3,||32|1|,||32|1|,4,0,1,24,178421,18260,1716,1,4,79
T0_4576_tol,9,4,||13|42|,|4|123||,0,0,1,24,180081,0,0,0,0,79
T0_4576_tol,9,4,||132|4|,|4|123||,1,0,1,24,186570,6489,6489,0,0,79
T0_4576_tol,9,4,|4|132||,|4|123||,2,0,1,24,189718,9637,3148,0,0,79
T0_4576_tol,9,4,|4|13|2|,|4|123||,3,0,1,24,200081,20000,10363,0,0,79
T0_4576_tol,9,4,|43|1|2|,|4|123||,4,0,1,24,203628,23547,3547,0,0,79
T0_4576_tol,9,4,|43|12||,|4|123||,5,0,1,24,206269,26188,2641,0,0,79
T0_4576_tol,9,4,|4|123||,|4|123||,6,0,1,27,207949,27868,1680,1,4,87
T0_4576_tol,10,4,|43|2|1|,|421|3||,0,0,1,27,209012,0,0,0,0,87
T0_4576_tol,10,4,|43|21||,|421|3||,1,0,1,27,217916,8904,8904,0,0,87
T0_4576_tol,10,4,|4|21|3|,|421|3||,2,0,1,27,219909,10897,1993,0,0,87
T0_4576_tol,10,4,|4|2|31|,|421|3||,3,0,1,27,225212,16200,5303,0,0,87
T0_4576_tol,10,4,|42||31|,|421|3||,4,0,1,27,228447,19435,3235,0,0,87
T0_4576_tol,10,4,|421||3|,|421|3||,5,0,1,27,230685,21673,2238,0,0,87
T0_4576_tol,10,4,|421|3||,|421|3||,6,0,1,30,232360,23348,1675,1,4,95
T0_4576_tol,11,4,|1234|||,|2||341|,0,0,1,30,234247,0,0,0,0,95
T0_4576_tol,11,4,|123|4||,|2||341|,1,0,1,30,243378,9131,9131,0,0,95
T0_4576_tol,11,4,|12|4|3|,|2||341|,2,0,1,30,245128,10881,1750,0,0,95
T0_4576_tol,11,4,|12||34|,|2||341|,3,0,1,30,248261,14014,3133,0,0,95
T0_4576_tol,11,4,|1||342|,|2||341|,4,0,1,30,252257,18010,3996,0,0,95
T0_4576_tol,11,4,||1|342|,|2||341|,5,0,1,30,255816,21569,3559,0,0,95
T0_4576_tol,11,4,|2|1|34|,|2||341|,6,0,1,30,258629,24382,2813,0,0,95
T0_4576_tol,11,4,|2||341|,|2||341|,7,0,1,33,260044,25797,1415,1,6,104
T0_4576_tol,12,4,|2|4|13|,|12|43||,0,0,1,33,261097,0,0,0,0,104
T0_4576_tol,12,4,|23|4|1|,|12|43||,1,0,1,33,270916,9819,9819,0,0,104
T0_4576_tol,12,4,|231|4||,|12|43||,2,0,1,33,272158,11061,1242,0,0,104
T0_4576_tol,12,4,|231||4|,|12|43||,3,0,1,33,273933,12836,1775,0,0,104
T0_4576_tol,12,4,|23|1|4|,|12|43||,4,0,1,33,276221,15124,2288,0,0,104
T0_4576_tol,12,4,|2|1|43|,|12|43||,5,0,1,33,278859,17762,2638,0,0,104
T0_4576_tol,12,4,||1|432|,|12|43||,6,0,1,33,282667,21570,3808,0,0,104
T0_4576_tol,12,4,|1||432|,|12|43||,7,0,1,33,283889,22792,1222,0,0,104
T0_4576_tol,12,4,|12||43|,|12|43||,8,0,1,33,286044,24947,2155,0,0,104
T0_4576_tol,12,4,|123||4|,|12|43||,9,0,1,33,294262,33165,8218,0,0,104
T0_4576_tol,12,4,|123|4||,|12|43||,10,0,1,33,296344,35247,2082,0,0,104
T0_4576_tol,12,4,|12|43||,|12|43||,11,0,1,36,298386,37289,2042,1,4,107
T0_4576_tol,13,4,|3|4|12|,||1|234|,0,0,1,36,299338,0,0,0,0,107
T0_4576_tol,13,4,|34||12|,||1|234|,1,0,1,36,307487,8149,8149,0,0,107
T0_4576_tol,13,4,|34|2|1|,||1|234|,2,0,1,36,312255,12917,4768,0,0,107
T0_4576_tol,13,4,|341|2||,||1|234|,3,0,1,36,314354,15016,2099,0,0,107
T0_4576_tol,13,4,|341||2|,||1|234|,4,0,1,36,316554,17216,2200,0,0,107
T0_4576_tol,13,4,|34|1|2|,||1|234|,5,0,1,36,318246,18908,1692,0,0,107
T0_4576_tol,13,4,|3|14|2|,||1|234|,6,0,1,36,320503,21165,2257,0,0,107
T0_4576_tol,13,4,||14|23|,||1|234|,7,0,1,36,321687,22349,1184,0,0,107
T0_4576_tol,13,4,||1|234|,||1|234|,8,0,1,39,323794,24456,2107,1,7,116
T0_4576_tol,14,4,|234|1||,|231||4|,0,0,1,39,326212,0,0,0,0,116
T0_4576_tol,14,4,|23|1|4|,|231||4|,1,0,1,39,328603,2391,2391,0,0,116
T0_4576_tol,14,4,|231||4|,|231||4|,2,0,1,42,331872,5660,3269,1,2,126
T0_4576_tol,15,4,|14|2|3|,|13||24|,0,0,1,42,333376,0,0,0,0,126
T0_4576_tol,15,4,|1|24|3|,|13||24|,1,0,1,42,341354,7978,7978,0,0,126
T0_4576_tol,15,4,|13|24||,|13||24|,2,0,1,42,343375,9999,2021,0,0,126
T0_4576_tol,15,4,|134|2||,|13||24|,3,0,1,42,345222,11846,1847,0,0,126
T0_4576_tol,15,4,|134||2|,|13||24|,4,0,1,42,346329,12953,1107,0,0,126
T0_4576_tol,15,4,|13||24|,|13||24|,5,0,1,45,348277,14901,1948,1,5,136
T0_4576_tol,16,4,||42|31|,|4|32|1|,0,0,1,45,349183,0,0,0,0,136
T0_4576_tol,16,4,|1|42|3|,|4|32|1|,1,0,1,45,355666,6483,6483,0,0,136
T0_4576_tol,16,4,|13|42||,|4|32|1|,2,0,1,45,359288,10105,3622,0,0,136
T0_4576_tol,16,4,|132|4||,|4|32|1|,3,0,1,45,363300,14117,4012,0,0,136
T0_4576_tol,16,4,|132|4||,|4|32|1|,4,0,1,45,369539,20356,6239,0,0,136
T0_4576_tol,16,4,|132||4|,|4|32|1|,5,0,1,45,372368,23185,2829,0,0,136
T0_4576_tol,16,4,|13||42|,|4|32|1|,6,0,1,45,374209,25026,1841,0,0,136
T0_4576_tol,16,4,|1|3|42|,|4|32|1|,7,0,1,45,377078,27895,2869,0,0,136
T0_4576_tol,16,4,|1|32|4|,|4|32|1|,8,0,1,45,378385,29202,1307,0,0,136
T0_4576_tol,16,4,|1|324||,|4|32|1|,9,0,1,45,380541,31358,2156,0,0,136
T0_4576_tol,16,4,||324|1|,|4|32|1|,10,0,1,45,382165,32982,1624,0,0,136
T0_4576_tol,16,4,|4|32|1|,|4|32|1|,11,0,1,48,383634,34451,1469,1,7,142
T0_4576_tol,17,5,|||21354|,|3|5|421|,0,0,1,48,384692,0,0,0,0,142
T0_4576_tol,17,5,||4|2135|,|3|5|421|,1,0,1,48,390171,5479,5479,0,0,142
T0_4576_tol,17,5,||45|213|,|3|5|421|,2,0,1,48,391812,7120,1641,0,0,142
T0_4576_tol,17,5,|3|45|21|,|3|5|421|,3,0,1,48,395566,10874,3754,0,0,142
T0_4576_tol,17,5,|3|45|21|,|3|5|421|,4,0,1,48,397485,12793,1919,0,0,142
T0_4576_tol,17,5,|35|4|21|,|3|5|421|,5,0,1,48,398718,14026,1233,0,0,142
T0_4576_tol,17,5,|354||21|,|3|5|421|,6,0,1,48,400522,15830,1804,0,0,142
T0_4576_tol,17,5,|354|1|2|,|3|5|421|,7,0,1,48,406833,22141,6311,0,0,142
T0_4576_tol,17,5,|354|12||,|3|5|421|,8,0,1,48,410361,25669,3528,0,0,142
T0_4576_tol,17,5,|35|12|4|,|3|5|421|,9,0,1,48,412159,27467,1798,0,0,142
T0_4576_tol,17,5,|35|1|42|,|3|5|421|,10,0,1,48,414138,29446,1979,0,0,142
T0_4576_tol,17,5,|35||421|,|3|5|421|,11,0,1,48,415958,31266,1820,0,0,142
T0_4576_tol,17,5,|3|5|421|,|3|5|421|,12,0,1,51,417566,32874,1608,1,9,149
T0_4576_tol,18,5,|524|1|3|,|21|5|43|,0,0,1,51,418378,0,0,0,0,149
T0_4576_tol,18,5,|5243|1||,|21|5|43|,1,0,1,51,431356,12978,12978,0,0,149
T0_4576_tol,18,5,|524|13||,|21|5|43|,2,0,1,51,438248,19870,6892,0,0,149
T0_4576_tol,18,5,|52|134||,|21|5|43|,3,0,1,51,439246,20868,998,0,0,149
T0_4576_tol,18,5,|5|1342||,|21|5|43|,4,0,1,51,440523,22145,1277,0,0,149
T0_4576_tol,18,5,||1342|5|,|21|5|43|,5,0,1,51,445448,27070,4925,0,0,149
T0_4576_tol,18,5,||134|52|,|21|5|43|,6,0,1,51,450047,31669,4599,0,0,149
T0_4576_tol,18,5,|2|134|5|,|21|5|43|,7,0,1,51,453728,35350,3681,0,0,149
T0_4576_tol,18,5,|2|13|54|,|21|5|43|,8,0,1,51,457235,38857,3507,0,0,149
T0_4576_tol,18,5,|2|1|543|,|21|5|43|,9,0,1,51,459047,40669,1812,0,0,149
T0_4576_tol,18,5,|21||543|,|21|5|43|,10,0,1,51,460720,42342,1673,0,0,149
T0_4576_tol,18,5,|213||54|,|21|5|43|,11,0,1,51,463459,45081,2739,0,0,149
T0_4576_tol,18,5,|2134||5|,|21|5|43|,12,0,1,51,464921,46543,1462,0,0,149
T0_4576_tol,18,5,|2134|5||,|21|5|43|,13,0,1,51,466248,47870,1327,0,0,149
T0_4576_tol,18,5,|213|5|4|,|21|5|43|,14,0,1,51,468931,50553,2683,0,0,149
T0_4576_tol,18,5,|21|5|43|,|21|5|43|,15,0,1,54,470931,52553,2000,1,8,152
T0_4576_tol,19,5,|24|35|1|,|3|1|254|,0,0,1,54,471734,0,0,0,0,152
T0_4576_tol,19,5,|24|3|15|,|3|1|254|,1,0,1,54,479487,7753,7753,0,0,152
T0_4576_tol,19,5,|2|3|154|,|3|1|254|,2,0,1,54,481571,9837,2084,0,0,152
T0_4576_tol,19,5,||3|1542|,|3|1|254|,3,0,1,54,483467,11733,1896,0,0,152
T0_4576_tol,19,5,|3||1542|,|3|1|254|,4,0,1,54,485371,13637,1904,0,0,152
T0_4576_tol,19,5,|32||154|,|3|1|254|,5,0,1,54,491065,19331,5694,0,0,152
T0_4576_tol,19,5,|324||15|,|3|1|254|,6,0,1,54,494384,22650,3319,0,0,152
T0_4576_tol,19,5,|3245||1|,|3|1|254|,7,0,1,54,497304,25570,2920,0,0,152
T0_4576_tol,19,5,|3245|1||,|3|1|254|,8,0,1,54,499542,27808,2238,0,0,152
T0_4576_tol,19,5,|324|15||,|3|1|254|,9,0,1,54,502641,30907,3099,0,0,152
T0_4576_tol,19,5,|32|154||,|3|1|254|,10,0,1,54,504732,32998,2091,0,0,152
T0_4576_tol,19,5,|3|154|2|,|3|1|254|,11,0,1,54,506495,34761,1763,0,0,152
T0_4576_tol,19,5,|34|15|2|,|3|1|254|,12,0,1,54,508358,36624,1863,0,0,152
T0_4576_tol,19,5,|34|1|25|,|3|1|254|,13,0,1,54,509533,37799,1175,0,0,152
T0_4576_tol,19,5,|3|1|254|,|3|1|254|,14,0,1,57,511088,39354,1555,1,10,158
T0_4576_tol,20,5,|12|35|4|,||42|153|,0,0,1,57,511875,0,0,0,0,158
T0_4576_tol,20,5,|1|35|42|,||42|153|,1,0,1,57,522202,10327,10327,0,0,158
T0_4576_tol,20,5,|1|352|4|,||42|153|,2,0,1,57,533159,21284,10957,0,0,158
T0_4576_tol,20,5,|1|3524||,||42|153|,3,0,1,57,534215,22340,1056,0,0,158
T0_4576_tol,20,5,||3524|1|,||42|153|,4,0,1,57,536054,24179,1839,0,0,158
T0_4576_tol,20,5,|4|352|1|,||42|153|,5,0,1,57,539165,27290,3111,0,0,158
T0_4576_tol,20,5,|42|35|1|,||42|153|,6,0,1,57,542103,30228,2938,0,0,158
T0_4576_tol,20,5,|42|3|15|,||42|153|,7,0,1,57,544529,32654,2426,0,0,158
T0_4576_tol,20,5,|42||153|,||42|153|,8,0,1,57,545832,33957,1303,0,0,158
T0_4576_tol,20,5,|4||1532|,||42|153|,9,0,1,57,548103,36228,2271,0,0,158
T0_4576_tol,20,5,||4|1532|,||42|153|,10,0,1,57,549114,37239,1011,0,0,158
T0_4576_tol,20,5,||42|153|,||42|153|,11,0,1,60,550455,38580,1341,1,9,166
T0_4576_tol,21,5,|3|4|152|,|32|1|45|,0,0,1,60,551454,0,0,0,0,166
T0_4576_tol,21,5,|32|4|15|,|32|1|45|,1,0,1,60,557798,6344,6344,0,0,166
T0_4576_tol,21,5,|324||15|,|32|1|45|,2,0,1,60,562469,11015,4671,0,0,166
T0_4576_tol,21,5,|3245||1|,|32|1|45|,3,0,1,60,565409,13955,2940,0,0,166
T0_4576_tol,21,5,|3245|1||,|32|1|45|,4,0,1,60,566307,14853,898,0,0,166
T0_4576_tol,21,5,|324|15||,|32|1|45|,5,0,1,60,568169,16715,1862,0,0,166
T0_4576_tol,21,5,|32|15|4|,|32|1|45|,6,0,1,60,569318,17864,1149,0,0,166
T0_4576_tol,21,5,|32|1|45|,|32|1|45|,7,0,1,63,571398,19944,2080,1,6,175
T0_4576_tol,22,5,|12|45|3|,|24|35|1|,0,0,1,63,572307,0,0,0,0,175
T0_4576_tol,22,5,|1|452|3|,|24|35|1|,1,0,1,63,579219,6912,6912,0,0,175
T0_4576_tol,22,5,|1|4523||,|24|35|1|,2,0,1,63,581567,9260,2348,0,0,175
T0_4576_tol,22,5,||4523|1|,|24|35|1|,3,0,1,63,584056,11749,2489,0,0,175
T0_4576_tol,22,5,||452|13|,|24|35|1|,4,0,1,63,586382,14075,2326,0,0,175
T0_4576_tol,22,5,|2|45|13|,|24|35|1|,5,0,1,63,588669,16362,2287,0,0,175
T0_4576_tol,22,5,|2|4|135|,|24|35|1|,6,0,1,63,590135,17828,1466,0,0,175
T0_4576_tol,22,5,|24||135|,|24|35|1|,7,0,1,63,591207,18900,1072,0,0,175
T0_4576_tol,22,5,|245||13|,|24|35|1|,8,0,1,63,593947,21640,2740,0,0,175
T0_4576_tol,22,5,|245|3|1|,|24|35|1|,9,0,1,63,595145,22838,1198,0,0,175
T0_4576_tol,22,5,|24|35|1|,|24|35|1|,10,0,1,66,596236,23929,1091,1,10,185
T0_4576_tol,23,5,|4|235|1|,|53|41|2|,0,0,1,66,597077,0,0,0,0,185
T0_4576_tol,23,5,|41|235||,|53|41|2|,1,0,1,66,603690,6613,6613,0,0,185
T0_4576_tol,23,5,|415|23||,|53|41|2|,2,0,1,66,604624,7547,934,0,0,185
T0_4576_tol,23,5,|4153|2||,|53|41|2|,3,0,1,66,605587,8510,963,0,0,185
T0_4576_tol,23,5,|4153||2|,|53|41|2|,4,0,1,66,607252,10175,1665,0,0,185
T0_4576_tol,23,5,|415||23|,|53|41|2|,5,0,1,66,609561,12484,2309,0,0,185
T0_4576_tol,23,5,|41||235|,|53|41|2|,6,0,1,66,610979,13902,1418,0,0,185
T0_4576_tol,23,5,|4||2351|,|53|41|2|,7,0,1,66,613285,16208,2306,0,0,185
T0_4576_tol,23,5,||4|2351|,|53|41|2|,8,0,1,66,614426,17349,1141,0,0,185
T0_4576_tol,23,5,||41|235|,|53|41|2|,9,0,1,66,615805,18728,1379,0,0,185
T0_4576_tol,23,5,|5|41|23|,|53|41|2|,10,0,1,66,617613,20536,1808,0,0,185
T0_4576_tol,23,5,|53|41|2|,|53|41|2|,11,0,1,69,618830,21753,1217,1,7,191
T0_4576_tol,24,5,|3|51|24|,|54|12|3|,0,0,1,69,619827,0,0,0,0,191
T0_4576_tol,24,5,|3|514|2|,|54|12|3|,1,0,1,69,623917,4090,4090,0,0,191
T0_4576_tol,24,5,|3|5142||,|54|12|3|,2,0,1,69,624899,5072,982,0,0,191
T0_4576_tol,24,5,||5142|3|,|54|12|3|,3,0,1,69,627590,7763,2691,0,0,191
T0_4576_tol,24,5,||514|32|,|54|12|3|,4,0,1,69,629384,9557,1794,0,0,191
T0_4576_tol,24,5,||51|324|,|54|12|3|,5,0,1,69,631526,11699,2142,0,0,191
T0_4576_tol,24,5,||5|3241|,|54|12|3|,6,0,1,69,632825,12998,1299,0,0,191
T0_4576_tol,24,5,|5||3241|,|54|12|3|,7,0,1,69,634990,15163,2165,0,0,191
T0_4576_tol,24,5,|5|1|324|,|54|12|3|,8,0,1,69,636370,16543,1380,0,0,191
T0_4576_tol,24,5,|54|1|32|,|54|12|3|,9,0,1,69,637759,17932,1389,0,0,191
T0_4576_tol,24,5,|54|12|3|,|54|12|3|,10,0,1,72,639472,19645,1713,1,9,200
