sub,trial,size,current,end,step,reset,tries,score,abstime,trialtime,clicktime,done,movimentos_minimos,pontuacao_acumulada
T0_4578_tol,1,3,|31|2||,|2||31|,0,0,1,0,25221,0,0,0,0,0
T0_4578_tol,1,3,|3|21||,|2||31|,1,0,1,0,34888,9667,9667,0,0,0
T0_4578_tol,1,3,||21|3|,|2||31|,2,0,1,0,36885,11664,1997,0,0,0
T0_4578_tol,1,3,||2|31|,|2||31|,3,0,1,0,38635,13414,1750,0,0,0
T0_4578_tol,1,3,|2||31|,|2||31|,4,0,1,3,39643,14422,1008,1,4,10
T0_4578_tol,2,3,|2|3|1|,||2|31|,0,0,1,3,42229,0,0,0,0,10
T0_4578_tol,2,3,|2|31||,||2|31|,1,0,1,3,45345,3116,3116,0,0,10
T0_4578_tol,2,3,|2|3|1|,||2|31|,2,0,1,3,48497,6268,3152,0,0,10
T0_4578_tol,2,3,|2||13|,||2|31|,3,0,1,3,51453,9224,2956,0,0,10
T0_4578_tol,2,3,||2|13|,||2|31|,4,0,1,3,52490,10261,1037,0,0,10
T0_4578_tol,2,3,|3|2|1|,||2|31|,5,0,1,3,54116,11887,1626,0,0,10
T0_4578_tol,2,3,|31|2||,||2|31|,6,0,1,3,55377,13148,1261,0,0,10
T0_4578_tol,2,3,|3|21||,||2|31|,7,0,1,3,57833,15604,2456,0,0,10
T0_4578_tol,2,3,||21|3|,||2|31|,8,0,1,3,58797,16568,964,0,0,10
T0_4578_tol,2,3,||2|31|,||2|31|,9,0,1,6,59994,17765,1197,1,4,15
T0_4578_tol,3,3,|3|21||,||21|3|,0,0,1,6,60886,0,0,0,0,15
T0_4578_tol,3,3,||21|3|,||21|3|,1,0,1,9,65144,4258,4258,1,1,25
T0_4578_tol,4,3,|2|3|1|,|2||31|,0,0,1,9,67388,0,0,0,0,25
T0_4578_tol,4,3,|21|3||,|2||31|,1,0,1,9,71044,3656,3656,0,0,25
T0_4578_tol,4,3,|21||3|,|2||31|,2,0,1,9,71941,4553,897,0,0,25
T0_4578_tol,4,3,|2||31|,|2||31|,3,0,1,12,72977,5589,1036,1,3,35
T0_4578_tol,5,3,||3|21|,|3||12|,0,0,1,12,73757,0,0,0,0,35
T0_4578_tol,5,3,|3||21|,|3||12|,1,0,1,12,77628,3871,3871,0,0,35
T0_4578_tol,5,3,|3|1|2|,|3||12|,2,0,1,12,80220,6463,2592,0,0,35
T0_4578_tol,5,3,|32|1||,|3||12|,3,0,1,12,82230,8473,2010,0,0,35
T0_4578_tol,5,3,|32||1|,|3||12|,4,0,1,12,83065,9308,835,0,0,35
T0_4578_tol,5,3,|3||12|,|3||12|,5,0,1,15,84257,10500,1192,1,5,45
T0_4578_tol,6,3,||132||,|21||3|,0,0,1,15,85574,0,0,0,0,45
T0_4578_tol,6,3,|2|13||,|21||3|,1,0,1,15,88428,2854,2854,0,0,45
T0_4578_tol,6,3,|2|1|3|,|21||3|,2,0,1,15,89501,3927,1073,0,0,45
T0_4578_tol,6,3,|21||3|,|21||3|,3,0,1,18,90332,4758,831,1,3,55
T0_4578_tol,7,3,|2|13||,|31|2||,0,0,1,18,91069,0,0,0,0,55
T0_4578_tol,7,3,|2|1|3|,|31|2||,1,0,1,18,97457,6388,6388,0,0,55
T0_4578_tol,7,3,|2||31|,|31|2||,2,0,1,18,98498,7429,1041,0,0,55
T0_4578_tol,7,3,||2|31|,|31|2||,3,0,1,18,99550,8481,1052,0,0,55
T0_4578_tol,7,3,|1|2|3|,|31|2||,4,0,1,18,100397,9328,847,0,0,55
T0_4578_tol,7,3,|1|2|3|,|31|2||,5,0,1,18,103445,12376,3048,0,0,55
T0_4578_tol,7,3,||21|3|,|31|2||,6,0,1,18,105023,13954,1578,0,0,55
T0_4578_tol,7,3,|3|21||,|31|2||,7,0,1,18,105916,14847,893,0,0,55
T0_4578_tol,7,3,|31|2||,|31|2||,8,0,1,21,107009,15940,1093,1,4,61
T0_4578_tol,8,3,|3|1|2|,|1|23||,0,0,1,21,107922,0,0,0,0,61
T0_4578_tol,8,3,||1|23|,|1|23||,1,0,1,21,113916,5994,5994,0,0,61
T0_4578_tol,8,3,|1||23|,|1|23||,2,0,1,21,114826,6904,910,0,0,61
T0_4578_tol,8,3,|13||2|,|1|23||,3,0,1,21,116277,8355,1451,0,0,61
T0_4578_tol,8,3,|13|2||,|1|23||,4,0,1,21,117156,9234,879,0,0,61
T0_4578_tol,8,3,|1|23||,|1|23||,5,0,1,24,117956,10034,800,1,5,71
T0_4578_tol,9,4,|3|1|42|,|2|1|34|,0,0,1,24,118768,0,0,0,0,71
T0_4578_tol,9,4,|3|12|4|,|2|1|34|,1,0,1,24,129730,10962,10962,0,0,71
T0_4578_tol,9,4,|3|124||,|2|1|34|,2,0,1,24,130809,12041,1079,0,0,71
T0_4578_tol,9,4,||124|3|,|2|1|34|,3,0,1,24,131746,12978,937,0,0,71
T0_4578_tol,9,4,||12|34|,|2|1|34|,4,0,1,24,132982,14214,1236,0,0,71
T0_4578_tol,9,4,|2|1|34|,|2|1|34|,5,0,1,27,133842,15074,860,1,5,81
T0_4578_tol,10,4,|42|3|1|,|42|1|3|,0,0,1,27,134461,0,0,0,0,81
T0_4578_tol,10,4,|421|3||,|42|1|3|,1,0,1,27,137661,3200,3200,0,0,81
T0_4578_tol,10,4,|421||3|,|42|1|3|,2,0,1,27,138414,3953,753,0,0,81
T0_4578_tol,10,4,|42|1|3|,|42|1|3|,3,0,1,30,139419,4958,1005,1,3,91
T0_4578_tol,11,4,|4|32|1|,|4|321||,0,0,1,30,140242,0,0,0,0,91
T0_4578_tol,11,4,|4|321||,|4|321||,1,0,1,33,144387,4145,4145,1,1,101
T0_4578_tol,12,4,|4|31|2|,|3|1|42|,0,0,1,33,145777,0,0,0,0,101
T0_4578_tol,12,4,|4|312||,|3|1|42|,1,0,1,33,150865,5088,5088,0,0,101
T0_4578_tol,12,4,||312|4|,|3|1|42|,2,0,1,33,152008,6231,1143,0,0,101
T0_4578_tol,12,4,||31|42|,|3|1|42|,3,0,1,33,153715,7938,1707,0,0,101
T0_4578_tol,12,4,||3|421|,|3|1|42|,4,0,1,33,154632,8855,917,0,0,101
T0_4578_tol,12,4,|3||421|,|3|1|42|,5,0,1,33,155506,9729,874,0,0,101
T0_4578_tol,12,4,|3|1|42|,|3|1|42|,6,0,1,36,156510,10733,1004,1,6,111
T0_4578_tol,13,4,|2|4|31|,||12|34|,0,0,1,36,156934,0,0,0,0,111
T0_4578_tol,13,4,|21|4|3|,||12|34|,1,0,1,36,163275,6341,6341,0,0,111
T0_4578_tol,13,4,|21||34|,||12|34|,2,0,1,36,164489,7555,1214,0,0,111
T0_4578_tol,13,4,|2|1|34|,||12|34|,3,0,1,36,165692,8758,1203,0,0,111
T0_4578_tol,13,4,||12|34|,||12|34|,4,0,1,39,166456,9522,764,1,4,121
T0_4578_tol,14,4,|213|4||,||14|32|,0,0,1,39,167929,0,0,0,0,121
T0_4578_tol,14,4,|21|4|3|,||14|32|,1,0,1,39,171226,3297,3297,0,0,121
T0_4578_tol,14,4,|2|41|3|,||14|32|,2,0,1,39,172625,4696,1399,0,0,121
T0_4578_tol,14,4,||41|32|,||14|32|,3,0,1,39,173518,5589,893,0,0,121
T0_4578_tol,14,4,|1|4|32|,||14|32|,4,0,1,39,175646,7717,2128,0,0,121
T0_4578_tol,14,4,|1||324|,||14|32|,5,0,1,39,176478,8549,832,0,0,121
T0_4578_tol,14,4,||1|324|,||14|32|,6,0,1,39,177560,9631,1082,0,0,121
T0_4578_tol,14,4,||14|32|,||14|32|,7,0,1,42,178406,10477,846,1,5,129
T0_4578_tol,15,4,||421|3|,||31|24|,0,0,1,42,179120,0,0,0,0,129
T0_4578_tol,15,4,||421|3|,||31|24|,1,0,1,42,186983,7863,7863,0,0,129
T0_4578_tol,15,4,||42|31|,||31|24|,2,0,1,42,188675,9555,1692,0,0,129
T0_4578_tol,15,4,|2|4|31|,||31|24|,3,0,1,42,190443,11323,1768,0,0,129
T0_4578_tol,15,4,|24||31|,||31|24|,4,0,1,42,191614,12494,1171,0,0,129
T0_4578_tol,15,4,|241||3|,||31|24|,5,0,1,42,193132,14012,1518,0,0,129
T0_4578_tol,15,4,|241|3||,||31|24|,6,0,1,42,194031,14911,899,0,0,129
T0_4578_tol,15,4,|24|31||,||31|24|,7,0,1,42,194873,15753,842,0,0,129
T0_4578_tol,15,4,|2|314||,||31|24|,8,0,1,42,199049,19929,4176,0,0,129
T0_4578_tol,15,4,||314|2|,||31|24|,9,0,1,42,199939,20819,890,0,0,129
T0_4578_tol,15,4,||31|24|,||31|24|,10,0,1,45,200736,21616,797,1,6,135
T0_4578_tol,16,4,|43|1|2|,|2|14|3|,0,0,1,45,201532,0,0,0,0,135
T0_4578_tol,16,4,|4|1|23|,|2|14|3|,1,0,1,45,205834,4302,4302,0,0,135
T0_4578_tol,16,4,||14|23|,|2|14|3|,2,0,1,45,207079,5547,1245,0,0,135
T0_4578_tol,16,4,||143|2|,|2|14|3|,3,0,1,45,208075,6543,996,0,0,135
T0_4578_tol,16,4,|2|143||,|2|14|3|,4,0,1,45,208930,7398,855,0,0,135
T0_4578_tol,16,4,|2|14|3|,|2|14|3|,5,0,1,48,209896,8364,966,1,5,145
T0_4578_tol,17,5,|5243||1|,|214|35||,0,0,1,48,210636,0,0,0,0,145
T0_4578_tol,17,5,|524|3|1|,|214|35||,1,0,1,48,214442,3806,3806,0,0,145
T0_4578_tol,17,5,|52|34|1|,|214|35||,2,0,1,48,218454,7818,4012,0,0,145
T0_4578_tol,17,5,|5|342|1|,|214|35||,3,0,1,48,225858,15222,7404,0,0,145
T0_4578_tol,17,5,||342|15|,|214|35||,4,0,1,48,226753,16117,895,0,0,145
T0_4578_tol,17,5,|2|34|15|,|214|35||,5,0,1,48,227832,17196,1079,0,0,145
T0_4578_tol,17,5,|2|345|1|,|214|35||,6,0,1,48,229809,19173,1977,0,0,145
T0_4578_tol,17,5,|21|345||,|214|35||,7,0,1,48,230896,20260,1087,0,0,145
T0_4578_tol,17,5,|21|34|5|,|214|35||,8,0,1,48,231970,21334,1074,0,0,145
T0_4578_tol,17,5,|214|3|5|,|214|35||,9,0,1,48,232855,22219,885,0,0,145
T0_4578_tol,17,5,|214|35||,|214|35||,10,0,1,51,233769,23133,914,1,8,153
T0_4578_tol,18,5,|52|43|1|,|41|5|32|,0,0,1,51,234375,0,0,0,0,153
T0_4578_tol,18,5,|5|43|12|,|41|5|32|,1,0,1,51,244779,10404,10404,0,0,153
T0_4578_tol,18,5,||43|125|,|41|5|32|,2,0,1,51,250955,16580,6176,0,0,153
T0_4578_tol,18,5,||4|1253|,|41|5|32|,3,0,1,51,251699,17324,744,0,0,153
T0_4578_tol,18,5,|4||1253|,|41|5|32|,4,0,1,51,252674,18299,975,0,0,153
T0_4578_tol,18,5,|43||125|,|41|5|32|,5,0,1,51,254621,20246,1947,0,0,153
T0_4578_tol,18,5,|43|5|12|,|41|5|32|,6,0,1,51,256429,22054,1808,0,0,153
T0_4578_tol,18,5,|4|53|12|,|41|5|32|,7,0,1,51,260482,26107,4053,0,0,153
T0_4578_tol,18,5,|42|53|1|,|41|5|32|,8,0,1,51,261725,27350,1243,0,0,153
T0_4578_tol,18,5,|421|53||,|41|5|32|,9,0,1,51,263443,29068,1718,0,0,153
T0_4578_tol,18,5,|42|531||,|41|5|32|,10,0,1,51,265507,31132,2064,0,0,153
T0_4578_tol,18,5,|4|5312||,|41|5|32|,11,0,1,51,268705,34330,3198,0,0,153
T0_4578_tol,18,5,|4|531|2|,|41|5|32|,12,0,1,51,270840,36465,2135,0,0,153
T0_4578_tol,18,5,|41|53|2|,|41|5|32|,13,0,1,51,271690,37315,850,0,0,153
T0_4578_tol,18,5,|412|53||,|41|5|32|,14,0,1,51,278061,43686,6371,0,0,153
T0_4578_tol,18,5,|412|5|3|,|41|5|32|,15,0,1,51,278828,44453,767,0,0,153
T0_4578_tol,18,5,|41|5|32|,|41|5|32|,16,0,1,54,279837,45462,1009,1,9,156
T0_4578_tol,19,5,|324||51|,|4|351|2|,0,0,1,54,280417,0,0,0,0,156
T0_4578_tol,19,5,|32||514|,|4|351|2|,1,0,1,54,286813,6396,6396,0,0,156
T0_4578_tol,19,5,|3||5142|,|4|351|2|,2,0,1,54,288082,7665,1269,0,0,156
T0_4578_tol,19,5,||3|5142|,|4|351|2|,3,0,1,54,289002,8585,920,0,0,156
T0_4578_tol,19,5,|2|3|514|,|4|351|2|,4,0,1,54,290599,10182,1597,0,0,156
T0_4578_tol,19,5,|24|3|51|,|4|351|2|,5,0,1,54,292617,12200,2018,0,0,156
T0_4578_tol,19,5,|241|3|5|,|4|351|2|,6,0,1,54,295005,14588,2388,0,0,156
T0_4578_tol,19,5,|241|35||,|4|351|2|,7,0,1,54,296155,15738,1150,0,0,156
T0_4578_tol,19,5,|24|351||,|4|351|2|,8,0,1,54,297458,17041,1303,0,0,156
T0_4578_tol,19,5,|2|3514||,|4|351|2|,9,0,1,54,299533,19116,2075,0,0,156
T0_4578_tol,19,5,||3514|2|,|4|351|2|,10,0,1,54,300566,20149,1033,0,0,156
T0_4578_tol,19,5,|4|351|2|,|4|351|2|,11,0,1,57,301437,21020,871,1,10,165
T0_4578_tol,20,5,|4|5|123|,||321|54|,0,0,1,57,302096,0,0,0,0,165
T0_4578_tol,20,5,|45||123|,||321|54|,1,0,1,57,310283,8187,8187,0,0,165
T0_4578_tol,20,5,|45|3|12|,||321|54|,2,0,1,57,311966,9870,1683,0,0,165
T0_4578_tol,20,5,|45|32|1|,||321|54|,3,0,1,57,313500,11404,1534,0,0,165
T0_4578_tol,20,5,|45|321||,||321|54|,4,0,1,57,314703,12607,1203,0,0,165
T0_4578_tol,20,5,|4|321|5|,||321|54|,5,0,1,57,316470,14374,1767,0,0,165
T0_4578_tol,20,5,||321|54|,||321|54|,6,0,1,60,317610,15514,1140,1,6,175
T0_4578_tol,21,5,||14|352|,|13|5|24|,0,0,1,60,318509,0,0,0,0,175
T0_4578_tol,21,5,||1|3524|,|13|5|24|,1,0,1,60,322503,3994,3994,0,0,175
T0_4578_tol,21,5,|1||3524|,|13|5|24|,2,0,1,60,323939,5430,1436,0,0,175
T0_4578_tol,21,5,|1|4|352|,|13|5|24|,3,0,1,60,325232,6723,1293,0,0,175
T0_4578_tol,21,5,|1|42|35|,|13|5|24|,4,0,1,60,328353,9844,3121,0,0,175
T0_4578_tol,21,5,|1|425|3|,|13|5|24|,5,0,1,60,329783,11274,1430,0,0,175
T0_4578_tol,21,5,|13|425||,|13|5|24|,6,0,1,60,331282,12773,1499,0,0,175
T0_4578_tol,21,5,|135|42||,|13|5|24|,7,0,1,60,334008,15499,2726,0,0,175
T0_4578_tol,21,5,|1352|4||,|13|5|24|,8,0,1,60,335718,17209,1710,0,0,175
T0_4578_tol,21,5,|1352||4|,|13|5|24|,9,0,1,60,336531,18022,813,0,0,175
T0_4578_tol,21,5,|135||42|,|13|5|24|,10,0,1,60,337785,19276,1254,0,0,175
T0_4578_tol,21,5,|13|5|42|,|13|5|24|,11,0,1,60,338715,20206,930,0,0,175
T0_4578_tol,21,5,|13|5|42|,|13|5|24|,12,0,1,60,342167,23658,3452,0,0,175
T0_4578_tol,21,5,|13|52|4|,|13|5|24|,13,0,1,60,347022,28513,4855,0,0,175
T0_4578_tol,21,5,|134|52||,|13|5|24|,14,0,1,60,348710,30201,1688,0,0,175
T0_4578_tol,21,5,|134|5|2|,|13|5|24|,15,0,1,60,349554,31045,844,0,0,175
T0_4578_tol,21,5,|13|5|24|,|13|5|24|,16,0,1,63,350571,32062,1017,1,9,178
T0_4578_tol,22,5,|2|435|1|,|3|254|1|,0,0,1,63,351390,0,0,0,0,178
T0_4578_tol,22,5,||435|12|,|3|254|1|,1,0,1,63,357743,6353,6353,0,0,178
T0_4578_tol,22,5,||43|125|,|3|254|1|,2,0,1,63,358731,7341,988,0,0,178
T0_4578_tol,22,5,|3|4|125|,|3|254|1|,3,0,1,63,360100,8710,1369,0,0,178
T0_4578_tol,22,5,|34||125|,|3|254|1|,4,0,1,63,361528,10138,1428,0,0,178
T0_4578_tol,22,5,|345||12|,|3|254|1|,5,0,1,63,363366,11976,1838,0,0,178
T0_4578_tol,22,5,|345|2|1|,|3|254|1|,6,0,1,63,364738,13348,1372,0,0,178
T0_4578_tol,22,5,|34|2|15|,|3|254|1|,7,0,1,63,366321,14931,1583,0,0,178
T0_4578_tol,22,5,|34|2|15|,|3|254|1|,8,0,1,63,369057,17667,2736,0,0,178
T0_4578_tol,22,5,|34|2|15|,|3|254|1|,9,0,1,63,370013,18623,956,0,0,178
T0_4578_tol,22,5,|34|25|1|,|3|254|1|,10,0,1,63,371156,19766,1143,0,0,178
T0_4578_tol,22,5,|3|254|1|,|3|254|1|,11,0,1,66,371913,20523,757,1,7,184
T0_4578_tol,23,5,|3|241|5|,|32|45|1|,0,0,1,66,372705,0,0,0,0,184
T0_4578_tol,23,5,|3|24|51|,|32|45|1|,1,0,1,66,378867,6162,6162,0,0,184
T0_4578_tol,23,5,|3|2|514|,|32|45|1|,2,0,1,66,379775,7070,908,0,0,184
T0_4578_tol,23,5,|32||514|,|32|45|1|,3,0,1,66,380650,7945,875,0,0,184
T0_4578_tol,23,5,|32|4|51|,|32|45|1|,4,0,1,66,382914,10209,2264,0,0,184
T0_4578_tol,23,5,|321|4|5|,|32|45|1|,5,0,1,66,384162,11457,1248,0,0,184
T0_4578_tol,23,5,|321|45||,|32|45|1|,6,0,1,66,385731,13026,1569,0,0,184
T0_4578_tol,23,5,|32|45|1|,|32|45|1|,7,0,1,69,386638,13933,907,1,7,194
T0_4578_tol,24,5,|43|251||,|3|4|152|,0,0,1,69,387369,0,0,0,0,194
T0_4578_tol,24,5,|43|25|1|,|3|4|152|,1,0,1,69,390649,3280,3280,0,0,194
T0_4578_tol,24,5,|43|2|15|,|3|4|152|,2,0,1,69,392616,5247,1967,0,0,194
T0_4578_tol,24,5,|43||152|,|3|4|152|,3,0,1,69,393588,6219,972,0,0,194
T0_4578_tol,24,5,|4||1523|,|3|4|152|,4,0,1,69,396210,8841,2622,0,0,194
T0_4578_tol,24,5,||4|1523|,|3|4|152|,5,0,1,69,397206,9837,996,0,0,194
T0_4578_tol,24,5,|3|4|152|,|3|4|152|,6,0,1,72,398081,10712,875,1,6,204
