sub,trial,size,current,end,step,reset,tries,score,abstime,trialtime,clicktime,done,movimentos_minimos,pontuacao_acumulada
T2_4571_tol,1,3,|3|2|1|,||3|12|,0,0,1,0,36088,0,0,0,0,0
T2_4571_tol,1,3,|3||12|,||3|12|,1,0,1,0,40665,4577,4577,0,0,0
T2_4571_tol,1,3,||3|12|,||3|12|,2,0,1,3,41695,5607,1030,1,2,10
T2_4571_tol,2,3,||31|2|,|13|2||,0,0,1,3,46675,0,0,0,0,10
T2_4571_tol,2,3,|1|3|2|,|13|2||,1,0,1,3,50711,4036,4036,0,0,10
T2_4571_tol,2,3,|13||2|,|13|2||,2,0,1,3,51697,5022,986,0,0,10
T2_4571_tol,2,3,|13|2||,|13|2||,3,0,1,6,52484,5809,787,1,3,20
T2_4571_tol,3,3,|23||1|,||231||,0,0,1,6,53962,0,0,0,0,20
T2_4571_tol,3,3,|2||13|,||231||,1,0,1,6,59861,5899,5899,0,0,20
T2_4571_tol,3,3,||2|13|,||231||,2,0,1,6,60881,6919,1020,0,0,20
T2_4571_tol,3,3,||23|1|,||231||,3,0,1,6,61688,7726,807,0,0,20
T2_4571_tol,3,3,||231||,||231||,4,0,1,9,62443,8481,755,1,4,30
T2_4571_tol,4,3,|213|||,||21|3|,0,0,1,9,63589,0,0,0,0,30
T2_4571_tol,4,3,|21||3|,||21|3|,1,0,1,9,65967,2378,2378,0,0,30
T2_4571_tol,4,3,|2||31|,||21|3|,2,0,1,9,67169,3580,1202,0,0,30
T2_4571_tol,4,3,||2|31|,||21|3|,3,0,1,9,68182,4593,1013,0,0,30
T2_4571_tol,4,3,||21|3|,||21|3|,4,0,1,12,68959,5370,777,1,4,40
T2_4571_tol,5,3,|3||12|,|1|32||,0,0,1,12,69889,0,0,0,0,40
T2_4571_tol,5,3,||3|12|,|1|32||,1,0,1,12,72803,2914,2914,0,0,40
T2_4571_tol,5,3,||32|1|,|1|32||,2,0,1,12,73849,3960,1046,0,0,40
T2_4571_tol,5,3,|1|32||,|1|32||,3,0,1,15,74710,4821,861,1,3,50
T2_4571_tol,6,3,|1||32|,|21|3||,0,0,1,15,75639,0,0,0,0,50
T2_4571_tol,6,3,|12||3|,|21|3||,1,0,1,15,79161,3522,3522,0,0,50
T2_4571_tol,6,3,|12|3||,|21|3||,2,0,1,15,80197,4558,1036,0,0,50
T2_4571_tol,6,3,|1|3|2|,|21|3||,3,0,1,15,81154,5515,957,0,0,50
T2_4571_tol,6,3,||31|2|,|21|3||,4,0,1,15,83146,7507,1992,0,0,50
T2_4571_tol,6,3,|2|31||,|21|3||,5,0,1,15,83870,8231,724,0,0,50
T2_4571_tol,6,3,|21|3||,|21|3||,6,0,1,18,84618,8979,748,1,4,58
T2_4571_tol,7,3,|3||21|,|1||23|,0,0,1,18,86335,0,0,0,0,58
T2_4571_tol,7,3,||3|21|,|1||23|,1,0,1,18,93360,7025,7025,0,0,58
T2_4571_tol,7,3,|1|3|2|,|1||23|,2,0,1,18,94245,7910,885,0,0,58
T2_4571_tol,7,3,|1||23|,|1||23|,3,0,1,21,95403,9068,1158,1,3,68
T2_4571_tol,8,3,||1|32|,||32|1|,0,0,1,21,96620,0,0,0,0,68
T2_4571_tol,8,3,|1||32|,||32|1|,1,0,1,21,106964,10344,10344,0,0,68
T2_4571_tol,8,3,|12||3|,||32|1|,2,0,1,21,108474,11854,1510,0,0,68
T2_4571_tol,8,3,|12|3||,||32|1|,3,0,1,21,109386,12766,912,0,0,68
T2_4571_tol,8,3,|1|32||,||32|1|,4,0,1,21,110154,13534,768,0,0,68
T2_4571_tol,8,3,||32|1|,||32|1|,5,0,1,24,110881,14261,727,1,5,78
T2_4571_tol,9,4,|34|1|2|,||412|3|,0,0,1,24,112025,0,0,0,0,78
T2_4571_tol,9,4,|34||21|,||412|3|,1,0,1,24,119799,7774,7774,0,0,78
T2_4571_tol,9,4,|3|4|21|,||412|3|,2,0,1,24,120932,8907,1133,0,0,78
T2_4571_tol,9,4,|3|41|2|,||412|3|,3,0,1,24,122410,10385,1478,0,0,78
T2_4571_tol,9,4,|3|412||,||412|3|,4,0,1,24,123340,11315,930,0,0,78
T2_4571_tol,9,4,||412|3|,||412|3|,5,0,1,27,124326,12301,986,1,5,88
T2_4571_tol,10,4,|13|2|4|,|214||3|,0,0,1,27,125134,0,0,0,0,88
T2_4571_tol,10,4,|1|23|4|,|214||3|,1,0,1,27,134690,9556,9556,0,0,88
T2_4571_tol,10,4,||23|41|,|214||3|,2,0,1,27,135498,10364,808,0,0,88
T2_4571_tol,10,4,||2|413|,|214||3|,3,0,1,27,137620,12486,2122,0,0,88
T2_4571_tol,10,4,|2||413|,|214||3|,4,0,1,27,139003,13869,1383,0,0,88
T2_4571_tol,10,4,|2|3|41|,|214||3|,5,0,1,27,140667,15533,1664,0,0,88
T2_4571_tol,10,4,|21|3|4|,|214||3|,6,0,1,27,141720,16586,1053,0,0,88
T2_4571_tol,10,4,|214|3||,|214||3|,7,0,1,27,142650,17516,930,0,0,88
T2_4571_tol,10,4,|214||3|,|214||3|,8,0,1,30,143392,18258,742,1,7,97
T2_4571_tol,11,4,|23|41||,|1|4|23|,0,0,1,30,144356,0,0,0,0,97
T2_4571_tol,11,4,|23|4|1|,|1|4|23|,1,0,1,30,157202,12846,12846,0,0,97
T2_4571_tol,11,4,|2|43|1|,|1|4|23|,2,0,1,30,159875,15519,2673,0,0,97
T2_4571_tol,11,4,||432|1|,|1|4|23|,3,0,1,30,160861,16505,986,0,0,97
T2_4571_tol,11,4,|1|432||,|1|4|23|,4,0,1,30,161736,17380,875,0,0,97
T2_4571_tol,11,4,|1|43|2|,|1|4|23|,5,0,1,30,162721,18365,985,0,0,97
T2_4571_tol,11,4,|1|4|23|,|1|4|23|,6,0,1,33,163479,19123,758,1,4,105
T2_4571_tol,12,4,|43|1|2|,|31|42||,0,0,1,33,164148,0,0,0,0,105
T2_4571_tol,12,4,|431||2|,|31|42||,1,0,1,33,171628,7480,7480,0,0,105
T2_4571_tol,12,4,|43||21|,|31|42||,2,0,1,33,173849,9701,2221,0,0,105
T2_4571_tol,12,4,|4||213|,|31|42||,3,0,1,33,175169,11021,1320,0,0,105
T2_4571_tol,12,4,||4|213|,|31|42||,4,0,1,33,176295,12147,1126,0,0,105
T2_4571_tol,12,4,|3|4|21|,|31|42||,5,0,1,33,178366,14218,2071,0,0,105
T2_4571_tol,12,4,|31|4|2|,|31|42||,6,0,1,33,179254,15106,888,0,0,105
T2_4571_tol,12,4,|31|42||,|31|42||,7,0,1,36,180070,15922,816,1,6,114
T2_4571_tol,13,4,|1||234|,|41||23|,0,0,1,36,180814,0,0,0,0,114
T2_4571_tol,13,4,||1|234|,|41||23|,1,0,1,36,184774,3960,3960,0,0,114
T2_4571_tol,13,4,|4|1|23|,|41||23|,2,0,1,36,185754,4940,980,0,0,114
T2_4571_tol,13,4,|41||23|,|41||23|,3,0,1,39,186548,5734,794,1,3,124
T2_4571_tol,14,4,|431|2||,||4|231|,0,0,1,39,187751,0,0,0,0,124
T2_4571_tol,14,4,|431||2|,||4|231|,1,0,1,39,191205,3454,3454,0,0,124
T2_4571_tol,14,4,|43|1|2|,||4|231|,2,0,1,39,192789,5038,1584,0,0,124
T2_4571_tol,14,4,|4|1|23|,||4|231|,3,0,1,39,194332,6581,1543,0,0,124
T2_4571_tol,14,4,|4||231|,||4|231|,4,0,1,39,196147,8396,1815,0,0,124
T2_4571_tol,14,4,||4|231|,||4|231|,5,0,1,42,196931,9180,784,1,5,134
T2_4571_tol,15,4,|24|13||,||234|1|,0,0,1,42,197611,0,0,0,0,134
T2_4571_tol,15,4,|243|1||,||234|1|,1,0,1,42,204118,6507,6507,0,0,134
T2_4571_tol,15,4,|243||1|,||234|1|,2,0,1,42,204938,7327,820,0,0,134
T2_4571_tol,15,4,|24||13|,||234|1|,3,0,1,42,207614,10003,2676,0,0,134
T2_4571_tol,15,4,|2||134|,||234|1|,4,0,1,42,208727,11116,1113,0,0,134
T2_4571_tol,15,4,||2|134|,||234|1|,5,0,1,42,209723,12112,996,0,0,134
T2_4571_tol,15,4,||24|13|,||234|1|,6,0,1,42,210509,12898,786,0,0,134
T2_4571_tol,15,4,||243|1|,||234|1|,7,0,1,42,211240,13629,731,0,0,134
T2_4571_tol,15,4,|3|24|1|,||234|1|,8,0,1,42,214401,16790,3161,0,0,134
T2_4571_tol,15,4,|3|2|14|,||234|1|,9,0,1,42,215889,18278,1488,0,0,134
T2_4571_tol,15,4,||23|14|,||234|1|,10,0,1,42,216612,19001,723,0,0,134
T2_4571_tol,15,4,||234|1|,||234|1|,11,0,1,45,217326,19715,714,1,8,141
T2_4571_tol,16,4,||143|2|,|214||3|,0,0,1,45,218316,0,0,0,0,141
T2_4571_tol,16,4,|2|143||,|214||3|,1,0,1,45,223195,4879,4879,0,0,141
T2_4571_tol,16,4,|2|14|3|,|214||3|,2,0,1,45,224106,5790,911,0,0,141
T2_4571_tol,16,4,|2|1|34|,|214||3|,3,0,1,45,225861,7545,1755,0,0,141
T2_4571_tol,16,4,|21||34|,|214||3|,4,0,1,45,226682,8366,821,0,0,141
T2_4571_tol,16,4,|214||3|,|214||3|,5,0,1,48,227594,9278,912,1,5,151
T2_4571_tol,17,5,|2|34|15|,|5|431|2|,0,0,1,48,228151,0,0,0,0,151
T2_4571_tol,17,5,|25|34|1|,|5|431|2|,1,0,1,48,238792,10641,10641,0,0,151
T2_4571_tol,17,5,|25|341||,|5|431|2|,2,0,1,48,239632,11481,840,0,0,151
T2_4571_tol,17,5,|2|341|5|,|5|431|2|,3,0,1,48,240715,12564,1083,0,0,151
T2_4571_tol,17,5,|2|3415||,|5|431|2|,4,0,1,48,242641,14490,1926,0,0,151
T2_4571_tol,17,5,||3415|2|,|5|431|2|,5,0,1,48,243725,15574,1084,0,0,151
T2_4571_tol,17,5,|5|341|2|,|5|431|2|,6,0,1,48,244750,16599,1025,0,0,151
T2_4571_tol,17,5,|5|34|21|,|5|431|2|,7,0,1,48,248171,20020,3421,0,0,151
T2_4571_tol,17,5,|5|3|214|,|5|431|2|,8,0,1,48,250543,22392,2372,0,0,151
T2_4571_tol,17,5,|53||214|,|5|431|2|,9,0,1,48,251802,23651,1259,0,0,151
T2_4571_tol,17,5,|53|4|21|,|5|431|2|,10,0,1,48,253145,24994,1343,0,0,151
T2_4571_tol,17,5,|5|43|21|,|5|431|2|,11,0,1,48,254182,26031,1037,0,0,151
T2_4571_tol,17,5,|5|431|2|,|5|431|2|,12,0,1,51,254970,26819,788,1,9,158
T2_4571_tol,18,5,||4315|2|,|25|4|31|,0,0,1,51,255781,0,0,0,0,158
T2_4571_tol,18,5,|2|4315||,|25|4|31|,1,0,1,51,258820,3039,3039,0,0,158
T2_4571_tol,18,5,|25|431||,|25|4|31|,2,0,1,51,259925,4144,1105,0,0,158
T2_4571_tol,18,5,|251|43||,|25|4|31|,3,0,1,51,262009,6228,2084,0,0,158
T2_4571_tol,18,5,|251|4|3|,|25|4|31|,4,0,1,51,262881,7100,872,0,0,158
T2_4571_tol,18,5,|25|4|31|,|25|4|31|,5,0,1,54,263928,8147,1047,1,5,168
T2_4571_tol,19,5,|52|14|3|,|52|143||,0,0,1,54,264715,0,0,0,0,168
T2_4571_tol,19,5,|52|143||,|52|143||,1,0,1,57,267691,2976,2976,1,1,178
T2_4571_tol,20,5,|34|5|12|,||24|315|,0,0,1,57,269324,0,0,0,0,178
T2_4571_tol,20,5,|345||12|,||24|315|,1,0,1,57,277260,7936,7936,0,0,178
T2_4571_tol,20,5,|345|2|1|,||24|315|,2,0,1,57,278437,9113,1177,0,0,178
T2_4571_tol,20,5,|345|21||,||24|315|,3,0,1,57,282026,12702,3589,0,0,178
T2_4571_tol,20,5,|34|215||,||24|315|,4,0,1,57,283563,14239,1537,0,0,178
T2_4571_tol,20,5,|3|2154||,||24|315|,5,0,1,57,284863,15539,1300,0,0,178
T2_4571_tol,20,5,||2154|3|,||24|315|,6,0,1,57,286401,17077,1538,0,0,178
T2_4571_tol,20,5,|4|215|3|,||24|315|,7,0,1,57,290195,20871,3794,0,0,178
T2_4571_tol,20,5,|45|21|3|,||24|315|,8,0,1,57,292147,22823,1952,0,0,178
T2_4571_tol,20,5,|45|2|31|,||24|315|,9,0,1,57,293357,24033,1210,0,0,178
T2_4571_tol,20,5,|4|2|315|,||24|315|,10,0,1,57,294585,25261,1228,0,0,178
T2_4571_tol,20,5,||24|315|,||24|315|,11,0,1,60,295565,26241,980,1,9,186
T2_4571_tol,21,5,|5|42|31|,|43|1|52|,0,0,1,60,296160,0,0,0,0,186
T2_4571_tol,21,5,||42|315|,|43|1|52|,1,0,1,60,308381,12221,12221,0,0,186
T2_4571_tol,21,5,||4|3152|,|43|1|52|,2,0,1,60,309150,12990,769,0,0,186
T2_4571_tol,21,5,|4||3152|,|43|1|52|,3,0,1,60,310223,14063,1073,0,0,186
T2_4571_tol,21,5,|42||315|,|43|1|52|,4,0,1,60,311796,15636,1573,0,0,186
T2_4571_tol,21,5,|425||31|,|43|1|52|,5,0,1,60,313442,17282,1646,0,0,186
T2_4571_tol,21,5,|425|1|3|,|43|1|52|,6,0,1,60,314815,18655,1373,0,0,186
T2_4571_tol,21,5,|425|13||,|43|1|52|,7,0,1,60,316958,20798,2143,0,0,186
T2_4571_tol,21,5,|42|13|5|,|43|1|52|,8,0,1,60,318138,21978,1180,0,0,186
T2_4571_tol,21,5,|4|13|52|,|43|1|52|,9,0,1,60,319348,23188,1210,0,0,186
T2_4571_tol,21,5,|43|1|52|,|43|1|52|,10,0,1,63,320213,24053,865,1,10,196
T2_4571_tol,22,5,|32|5|14|,|5142|3||,0,0,1,63,321563,0,0,0,0,196
T2_4571_tol,22,5,|32||145|,|5142|3||,1,0,1,63,325940,4377,4377,0,0,196
T2_4571_tol,22,5,|3||1452|,|5142|3||,2,0,1,63,326820,5257,880,0,0,196
T2_4571_tol,22,5,||3|1452|,|5142|3||,3,0,1,63,327821,6258,1001,0,0,196
T2_4571_tol,22,5,||32|145|,|5142|3||,4,0,1,63,328914,7351,1093,0,0,196
T2_4571_tol,22,5,|5|32|14|,|5142|3||,5,0,1,63,329877,8314,963,0,0,196
T2_4571_tol,22,5,|5|324|1|,|5142|3||,6,0,1,63,331500,9937,1623,0,0,196
T2_4571_tol,22,5,|51|324||,|5142|3||,7,0,1,63,332507,10944,1007,0,0,196
T2_4571_tol,22,5,|514|32||,|5142|3||,8,0,1,63,334006,12443,1499,0,0,196
T2_4571_tol,22,5,|5142|3||,|5142|3||,9,0,1,66,334930,13367,924,1,9,206
T2_4571_tol,23,5,|52||314|,|43|2|15|,0,0,1,66,335684,0,0,0,0,206
T2_4571_tol,23,5,|5|2|314|,|43|2|15|,1,0,1,66,341295,5611,5611,0,0,206
T2_4571_tol,23,5,||25|314|,|43|2|15|,2,0,1,66,342574,6890,1279,0,0,206
T2_4571_tol,23,5,|4|25|31|,|43|2|15|,3,0,1,66,343701,8017,1127,0,0,206
T2_4571_tol,23,5,|4|251|3|,|43|2|15|,4,0,1,66,345150,9466,1449,0,0,206
T2_4571_tol,23,5,|43|251||,|43|2|15|,5,0,1,66,346293,10609,1143,0,0,206
T2_4571_tol,23,5,|43|25|1|,|43|2|15|,6,0,1,66,347111,11427,818,0,0,206
T2_4571_tol,23,5,|43|2|15|,|43|2|15|,7,0,1,69,348055,12371,944,1,7,216
T2_4571_tol,24,5,|435||12|,|25||134|,0,0,1,69,348731,0,0,0,0,216
T2_4571_tol,24,5,|43|5|12|,|25||134|,1,0,1,69,358277,9546,9546,0,0,216
T2_4571_tol,24,5,|4|53|12|,|25||134|,2,0,1,69,359508,10777,1231,0,0,216
T2_4571_tol,24,5,||534|12|,|25||134|,3,0,1,69,360742,12011,1234,0,0,216
T2_4571_tol,24,5,|2|534|1|,|25||134|,4,0,1,69,361975,13244,1233,0,0,216
T2_4571_tol,24,5,|24|53|1|,|25||134|,5,0,1,69,363434,14703,1459,0,0,216
T2_4571_tol,24,5,|24|5|13|,|25||134|,6,0,1,69,364180,15449,746,0,0,216
T2_4571_tol,24,5,|2|5|134|,|25||134|,7,0,1,69,365596,16865,1416,0,0,216
T2_4571_tol,24,5,|25||134|,|25||134|,8,0,1,72,366398,17667,802,1,6,224
