sub,trial,size,current,end,step,reset,tries,score,abstime,trialtime,clicktime,done,movimentos_minimos,pontuacao_acumulada
T2_4567_Tol,1,3,|3|2|1|,||13|2|,0,0,1,0,14376,0,0,0,0,0
T2_4567_Tol,1,3,||2|13|,||13|2|,1,0,1,0,27101,12725,12725,0,0,0
T2_4567_Tol,1,3,|2||13|,||13|2|,2,0,1,0,29254,14878,2153,0,0,0
T2_4567_Tol,1,3,|23||1|,||13|2|,3,0,1,0,32046,17670,2792,0,0,0
T2_4567_Tol,1,3,|23|1||,||13|2|,4,0,1,0,33283,18907,1237,0,0,0
T2_4567_Tol,1,3,|2|13||,||13|2|,5,0,1,0,34556,20180,1273,0,0,0
T2_4567_Tol,1,3,||13|2|,||13|2|,6,0,1,3,35997,21621,1441,1,4,8
T2_4567_Tol,2,3,|3|1|2|,|3|2|1|,0,0,1,3,38347,0,0,0,0,8
T2_4567_Tol,2,3,|32|1||,|3|2|1|,1,0,1,3,43291,4944,4944,0,0,8
T2_4567_Tol,2,3,|32||1|,|3|2|1|,2,0,1,3,44636,6289,1345,0,0,8
T2_4567_Tol,2,3,|3|2|1|,|3|2|1|,3,0,1,6,45785,7438,1149,1,3,18
T2_4567_Tol,3,3,|13|2||,|21||3|,0,0,1,6,46883,0,0,0,0,18
T2_4567_Tol,3,3,|1|2|3|,|21||3|,1,0,1,6,49702,2819,2819,0,0,18
T2_4567_Tol,3,3,||2|31|,|21||3|,2,0,1,6,51690,4807,1988,0,0,18
T2_4567_Tol,3,3,|2||31|,|21||3|,3,0,1,6,52715,5832,1025,0,0,18
T2_4567_Tol,3,3,|21||3|,|21||3|,4,0,1,9,53948,7065,1233,1,4,28
T2_4567_Tol,4,3,|12||3|,|2||13|,0,0,1,9,55104,0,0,0,0,28
T2_4567_Tol,4,3,|1|2|3|,|2||13|,1,0,1,9,61538,6434,6434,0,0,28
T2_4567_Tol,4,3,|1|23||,|2||13|,2,0,1,9,64163,9059,2625,0,0,28
T2_4567_Tol,4,3,||23|1|,|2||13|,3,0,1,9,65423,10319,1260,0,0,28
T2_4567_Tol,4,3,||2|13|,|2||13|,4,0,1,9,66923,11819,1500,0,0,28
T2_4567_Tol,4,3,|2||13|,|2||13|,5,0,1,12,68617,13513,1694,1,5,38
T2_4567_Tol,5,3,||31|2|,|2|3|1|,0,0,1,12,69320,0,0,0,0,38
T2_4567_Tol,5,3,|2|31||,|2|3|1|,1,0,1,12,71617,2297,2297,0,0,38
T2_4567_Tol,5,3,|2|3|1|,|2|3|1|,2,0,1,15,72991,3671,1374,1,2,48
T2_4567_Tol,6,3,|2|3|1|,|1|32||,0,0,1,15,73529,0,0,0,0,48
T2_4567_Tol,6,3,||32|1|,|1|32||,1,0,1,15,78140,4611,4611,0,0,48
T2_4567_Tol,6,3,|1|32||,|1|32||,2,0,1,18,79562,6033,1422,1,2,58
T2_4567_Tol,7,3,|23||1|,|1|32||,0,0,1,18,80785,0,0,0,0,58
T2_4567_Tol,7,3,|2|3|1|,|1|32||,1,0,1,18,83606,2821,2821,0,0,58
T2_4567_Tol,7,3,||32|1|,|1|32||,2,0,1,18,84589,3804,983,0,0,58
T2_4567_Tol,7,3,|1|32||,|1|32||,3,0,1,21,85964,5179,1375,1,3,68
T2_4567_Tol,8,3,|21||3|,|3|12||,0,0,1,21,86975,0,0,0,0,68
T2_4567_Tol,8,3,|2|1|3|,|3|12||,1,0,1,21,90093,3118,3118,0,0,68
T2_4567_Tol,8,3,||12|3|,|3|12||,2,0,1,21,91012,4037,919,0,0,68
T2_4567_Tol,8,3,|3|12||,|3|12||,3,0,1,24,92522,5547,1510,1,3,78
T2_4567_Tol,9,4,|4|3|12|,|43|1|2|,0,0,1,24,93110,0,0,0,0,78
T2_4567_Tol,9,4,|43||12|,|43|1|2|,1,0,1,24,96765,3655,3655,0,0,78
T2_4567_Tol,9,4,|432||1|,|43|1|2|,2,0,1,24,99109,5999,2344,0,0,78
T2_4567_Tol,9,4,|432|1||,|43|1|2|,3,0,1,24,100635,7525,1526,0,0,78
T2_4567_Tol,9,4,|43|1|2|,|43|1|2|,4,0,1,27,102099,8989,1464,1,4,88
T2_4567_Tol,10,4,|431||2|,||24|13|,0,0,1,27,102764,0,0,0,0,88
T2_4567_Tol,10,4,|431|2||,||24|13|,1,0,1,27,107012,4248,4248,0,0,88
T2_4567_Tol,10,4,|43|2|1|,||24|13|,2,0,1,27,108402,5638,1390,0,0,88
T2_4567_Tol,10,4,|4|2|13|,||24|13|,3,0,1,27,109699,6935,1297,0,0,88
T2_4567_Tol,10,4,||24|13|,||24|13|,4,0,1,30,110954,8190,1255,1,4,98
T2_4567_Tol,11,4,|2|1|34|,||12|34|,0,0,1,30,111664,0,0,0,0,98
T2_4567_Tol,11,4,||12|34|,||12|34|,1,0,1,33,114758,3094,3094,1,1,108
T2_4567_Tol,12,4,|23|1|4|,|3|21|4|,0,0,1,33,115454,0,0,0,0,108
T2_4567_Tol,12,4,|2|1|43|,|3|21|4|,1,0,1,33,120322,4868,4868,0,0,108
T2_4567_Tol,12,4,||12|43|,|3|21|4|,2,0,1,33,122749,7295,2427,0,0,108
T2_4567_Tol,12,4,|3|12|4|,|3|21|4|,3,0,1,33,124132,8678,1383,0,0,108
T2_4567_Tol,12,4,|3|1|42|,|3|21|4|,4,0,1,33,127202,11748,3070,0,0,108
T2_4567_Tol,12,4,|31||42|,|3|21|4|,5,0,1,33,128636,13182,1434,0,0,108
T2_4567_Tol,12,4,|31|2|4|,|3|21|4|,6,0,1,33,129733,14279,1097,0,0,108
T2_4567_Tol,12,4,|3|21|4|,|3|21|4|,7,0,1,36,130776,15322,1043,1,5,116
T2_4567_Tol,13,4,|3|4|21|,||34|12|,0,0,1,36,131648,0,0,0,0,116
T2_4567_Tol,13,4,|31|4|2|,||34|12|,1,0,1,36,139909,8261,8261,0,0,116
T2_4567_Tol,13,4,|31|42||,||34|12|,2,0,1,36,142071,10423,2162,0,0,116
T2_4567_Tol,13,4,|3|42|1|,||34|12|,3,0,1,36,144048,12400,1977,0,0,116
T2_4567_Tol,13,4,|3|4|12|,||34|12|,4,0,1,36,145197,13549,1149,0,0,116
T2_4567_Tol,13,4,|3||124|,||34|12|,5,0,1,36,146999,15351,1802,0,0,116
T2_4567_Tol,13,4,||3|124|,||34|12|,6,0,1,36,148163,16515,1164,0,0,116
T2_4567_Tol,13,4,||34|12|,||34|12|,7,0,1,39,149358,17710,1195,1,7,126
T2_4567_Tol,14,4,||4|321|,|2|1|34|,0,0,1,39,150435,0,0,0,0,126
T2_4567_Tol,14,4,|1|4|32|,|2|1|34|,1,0,1,39,157584,7149,7149,0,0,126
T2_4567_Tol,14,4,|1|42|3|,|2|1|34|,2,0,1,39,160156,9721,2572,0,0,126
T2_4567_Tol,14,4,|12|4|3|,|2|1|34|,3,0,1,39,162783,12348,2627,0,0,126
T2_4567_Tol,14,4,|12||34|,|2|1|34|,4,0,1,39,163647,13212,864,0,0,126
T2_4567_Tol,14,4,|1||342|,|2|1|34|,5,0,1,39,166633,16198,2986,0,0,126
T2_4567_Tol,14,4,||1|342|,|2|1|34|,6,0,1,39,167740,17305,1107,0,0,126
T2_4567_Tol,14,4,|2|1|34|,|2|1|34|,7,0,1,42,168758,18323,1018,1,5,134
T2_4567_Tol,15,4,|312||4|,|41||23|,0,0,1,42,169560,0,0,0,0,134
T2_4567_Tol,15,4,|312|4||,|41||23|,1,0,1,42,177674,8114,8114,0,0,134
T2_4567_Tol,15,4,|31|4|2|,|41||23|,2,0,1,42,179157,9597,1483,0,0,134
T2_4567_Tol,15,4,|3|41|2|,|41||23|,3,0,1,42,181767,12207,2610,0,0,134
T2_4567_Tol,15,4,||41|23|,|41||23|,4,0,1,42,183363,13803,1596,0,0,134
T2_4567_Tol,15,4,||4|231|,|41||23|,5,0,1,42,186275,16715,2912,0,0,134
T2_4567_Tol,15,4,|4||231|,|41||23|,6,0,1,42,187278,17718,1003,0,0,134
T2_4567_Tol,15,4,|41||23|,|41||23|,7,0,1,45,188640,19080,1362,1,7,144
T2_4567_Tol,16,4,|3|14|2|,|34|2|1|,0,0,1,45,189344,0,0,0,0,144
T2_4567_Tol,16,4,|34|1|2|,|34|2|1|,1,0,1,45,191738,2394,2394,0,0,144
T2_4567_Tol,16,4,|341||2|,|34|2|1|,2,0,1,45,193083,3739,1345,0,0,144
T2_4567_Tol,16,4,|341|2||,|34|2|1|,3,0,1,45,194344,5000,1261,0,0,144
T2_4567_Tol,16,4,|34|2|1|,|34|2|1|,4,0,1,48,195695,6351,1351,1,4,154
T2_4567_Tol,17,5,||135|42|,|45|13|2|,0,0,1,48,196259,0,0,0,0,154
T2_4567_Tol,17,5,||1352|4|,|45|13|2|,1,0,1,48,199893,3634,3634,0,0,154
T2_4567_Tol,17,5,|4|1352||,|45|13|2|,2,0,1,48,202064,5805,2171,0,0,154
T2_4567_Tol,17,5,|4|135|2|,|45|13|2|,3,0,1,48,203428,7169,1364,0,0,154
T2_4567_Tol,17,5,|45|13|2|,|45|13|2|,4,0,1,51,205145,8886,1717,1,4,164
T2_4567_Tol,18,5,|24|51|3|,|43|15|2|,0,0,1,51,206085,0,0,0,0,164
T2_4567_Tol,18,5,|2|514|3|,|43|15|2|,1,0,1,51,212589,6504,6504,0,0,164
T2_4567_Tol,18,5,|2|5143||,|43|15|2|,2,0,1,51,214477,8392,1888,0,0,164
T2_4567_Tol,18,5,||5143|2|,|43|15|2|,3,0,1,51,215694,9609,1217,0,0,164
T2_4567_Tol,18,5,||514|23|,|43|15|2|,4,0,1,51,218050,11965,2356,0,0,164
T2_4567_Tol,18,5,|4|51|23|,|43|15|2|,5,0,1,51,219129,13044,1079,0,0,164
T2_4567_Tol,18,5,|43|51|2|,|43|15|2|,6,0,1,51,220946,14861,1817,0,0,164
T2_4567_Tol,18,5,|43|5|21|,|43|15|2|,7,0,1,51,223077,16992,2131,0,0,164
T2_4567_Tol,18,5,|435||21|,|43|15|2|,8,0,1,51,224391,18306,1314,0,0,164
T2_4567_Tol,18,5,|435|1|2|,|43|15|2|,9,0,1,51,225730,19645,1339,0,0,164
T2_4567_Tol,18,5,|43|15|2|,|43|15|2|,10,0,1,54,226738,20653,1008,1,9,173
T2_4567_Tol,19,5,|41|5|32|,||2154|3|,0,0,1,54,227546,0,0,0,0,173
T2_4567_Tol,19,5,|412|5|3|,||2154|3|,1,0,1,54,235205,7659,7659,0,0,173
T2_4567_Tol,19,5,|412||35|,||2154|3|,2,0,1,54,236469,8923,1264,0,0,173
T2_4567_Tol,19,5,|41|2|35|,||2154|3|,3,0,1,54,237834,10288,1365,0,0,173
T2_4567_Tol,19,5,|4|21|35|,||2154|3|,4,0,1,54,239525,11979,1691,0,0,173
T2_4567_Tol,19,5,|4|215|3|,||2154|3|,5,0,1,54,240662,13116,1137,0,0,173
T2_4567_Tol,19,5,||2154|3|,||2154|3|,6,0,1,57,241842,14296,1180,1,6,183
T2_4567_Tol,20,5,|5|43|12|,|3|415|2|,0,0,1,57,242530,0,0,0,0,183
T2_4567_Tol,20,5,||43|125|,|3|415|2|,1,0,1,57,249538,7008,7008,0,0,183
T2_4567_Tol,20,5,|3|4|125|,|3|415|2|,2,0,1,57,250724,8194,1186,0,0,183
T2_4567_Tol,20,5,|35|4|12|,|3|415|2|,3,0,1,57,253257,10727,2533,0,0,183
T2_4567_Tol,20,5,|352|4|1|,|3|415|2|,4,0,1,57,255336,12806,2079,0,0,183
T2_4567_Tol,20,5,|352|41||,|3|415|2|,5,0,1,57,256803,14273,1467,0,0,183
T2_4567_Tol,20,5,|35|41|2|,|3|415|2|,6,0,1,57,258186,15656,1383,0,0,183
T2_4567_Tol,20,5,|3|415|2|,|3|415|2|,7,0,1,60,259450,16920,1264,1,7,193
T2_4567_Tol,21,5,|5|21|34|,|3|2|154|,0,0,1,60,260030,0,0,0,0,193
T2_4567_Tol,21,5,||215|34|,|3|2|154|,1,0,1,60,269448,9418,9418,0,0,193
T2_4567_Tol,21,5,||2154|3|,|3|2|154|,2,0,1,60,271421,11391,1973,0,0,193
T2_4567_Tol,21,5,|3|2154||,|3|2|154|,3,0,1,60,272494,12464,1073,0,0,193
T2_4567_Tol,21,5,|34|215||,|3|2|154|,4,0,1,60,275773,15743,3279,0,0,193
T2_4567_Tol,21,5,|345|21||,|3|2|154|,5,0,1,60,277593,17563,1820,0,0,193
T2_4567_Tol,21,5,|345|2|1|,|3|2|154|,6,0,1,60,278853,18823,1260,0,0,193
T2_4567_Tol,21,5,|34|2|15|,|3|2|154|,7,0,1,60,280454,20424,1601,0,0,193
T2_4567_Tol,21,5,|3|2|154|,|3|2|154|,8,0,1,63,282039,22009,1585,1,7,202
T2_4567_Tol,22,5,|4|23|15|,|15||243|,0,0,1,63,282789,0,0,0,0,202
T2_4567_Tol,22,5,||234|15|,|15||243|,1,0,1,63,289174,6385,6385,0,0,202
T2_4567_Tol,22,5,||2345|1|,|15||243|,2,0,1,63,290747,7958,1573,0,0,202
T2_4567_Tol,22,5,|1|2345||,|15||243|,3,0,1,63,291900,9111,1153,0,0,202
T2_4567_Tol,22,5,|15|234||,|15||243|,4,0,1,63,293408,10619,1508,0,0,202
T2_4567_Tol,22,5,|154|23||,|15||243|,5,0,1,63,297770,14981,4362,0,0,202
T2_4567_Tol,22,5,|1543|2||,|15||243|,6,0,1,63,299071,16282,1301,0,0,202
T2_4567_Tol,22,5,|1543||2|,|15||243|,7,0,1,63,300342,17553,1271,0,0,202
T2_4567_Tol,22,5,|154|3|2|,|15||243|,8,0,1,63,302435,19646,2093,0,0,202
T2_4567_Tol,22,5,|15|3|24|,|15||243|,9,0,1,63,303684,20895,1249,0,0,202
T2_4567_Tol,22,5,|15||243|,|15||243|,10,0,1,66,305386,22597,1702,1,10,212
T2_4567_Tol,23,5,||1352|4|,||54|312|,0,0,1,66,306025,0,0,0,0,212
T2_4567_Tol,23,5,|4|1352||,||54|312|,1,0,1,66,313553,7528,7528,0,0,212
T2_4567_Tol,23,5,|42|135||,||54|312|,2,0,1,66,314501,8476,948,0,0,212
T2_4567_Tol,23,5,|425|13||,||54|312|,3,0,1,66,315484,9459,983,0,0,212
T2_4567_Tol,23,5,|425|1|3|,||54|312|,4,0,1,66,316533,10508,1049,0,0,212
T2_4567_Tol,23,5,|425||31|,||54|312|,5,0,1,66,318084,12059,1551,0,0,212
T2_4567_Tol,23,5,|42|5|31|,||54|312|,6,0,1,66,320770,14745,2686,0,0,212
T2_4567_Tol,23,5,|4|5|312|,||54|312|,7,0,1,66,322187,16162,1417,0,0,212
T2_4567_Tol,23,5,||54|312|,||54|312|,8,0,1,69,323416,17391,1229,1,8,222
T2_4567_Tol,24,5,|523|1|4|,|53|1|42|,0,0,1,69,324112,0,0,0,0,222
T2_4567_Tol,24,5,|52|13|4|,|53|1|42|,1,0,1,69,332679,8567,8567,0,0,222
T2_4567_Tol,24,5,|5|13|42|,|53|1|42|,2,0,1,69,334041,9929,1362,0,0,222
T2_4567_Tol,24,5,|53|1|42|,|53|1|42|,3,0,1,72,335328,11216,1287,1,3,232
