sub,trial,size,current,end,step,reset,tries,score,abstime,trialtime,clicktime,done,movimentos_minimos,pontuacao_acumulada
T0_4569_Tol,1,3,||31|2|,|2||13|,0,0,1,0,47086,0,0,0,0,0
T0_4569_Tol,1,3,||312||,|2||13|,1,0,1,0,55444,8358,8358,0,0,0
T0_4569_Tol,1,3,||312||,|2||13|,2,0,1,0,60344,13258,4900,0,0,0
T0_4569_Tol,1,3,||312||,|2||13|,3,0,1,0,67354,20268,7010,0,0,0
T0_4569_Tol,1,3,||312||,|2||13|,4,0,1,0,68998,21912,1644,0,0,0
T0_4569_Tol,1,3,||312||,|2||13|,5,0,1,0,73238,26152,4240,0,0,0
T0_4569_Tol,1,3,||312||,|2||13|,6,0,1,0,74294,27208,1056,0,0,0
T0_4569_Tol,1,3,|2|31||,|2||13|,7,0,1,0,93010,45924,18716,0,0,0
T0_4569_Tol,1,3,|2|3|1|,|2||13|,8,0,1,0,100611,53525,7601,0,0,0
T0_4569_Tol,1,3,|23||1|,|2||13|,9,0,1,0,106279,59193,5668,0,0,0
T0_4569_Tol,1,3,|23|1||,|2||13|,10,0,1,0,108371,61285,2092,0,0,0
T0_4569_Tol,1,3,|2|13||,|2||13|,11,0,1,0,110547,63461,2176,0,0,0
T0_4569_Tol,1,3,|23|1||,|2||13|,12,0,1,0,121496,74410,10949,0,0,0
T0_4569_Tol,1,3,|23||1|,|2||13|,13,0,1,0,122959,75873,1463,0,0,0
T0_4569_Tol,1,3,|2||13|,|2||13|,14,0,1,3,125026,77940,2067,1,3,0
T0_4569_Tol,2,3,|2|3|1|,|||123|,0,0,1,3,126725,0,0,0,0,0
T0_4569_Tol,2,3,|21|3||,|||123|,1,0,1,3,132177,5452,5452,0,0,0
T0_4569_Tol,2,3,|213|||,|||123|,2,0,1,3,138788,12063,6611,0,0,0
T0_4569_Tol,2,3,|21|3||,|||123|,3,0,1,3,141837,15112,3049,0,0,0
T0_4569_Tol,2,3,|2|3|1|,|||123|,4,0,1,3,145315,18590,3478,0,0,0
T0_4569_Tol,2,3,||3|12|,|||123|,5,0,1,3,148127,21402,2812,0,0,0
T0_4569_Tol,2,3,|||123|,|||123|,6,0,1,6,149990,23265,1863,1,2,6
T0_4569_Tol,3,3,|1|32||,|13||2|,0,0,1,6,151408,0,0,0,0,6
T0_4569_Tol,3,3,|1|3|2|,|13||2|,1,0,1,6,154874,3466,3466,0,0,6
T0_4569_Tol,3,3,|13||2|,|13||2|,2,0,1,9,158516,7108,3642,1,2,16
T0_4569_Tol,4,3,|21||3|,|2||13|,0,0,1,9,160429,0,0,0,0,16
T0_4569_Tol,4,3,|21|3||,|2||13|,1,0,1,9,166364,5935,5935,0,0,16
T0_4569_Tol,4,3,|2|3|1|,|2||13|,2,0,1,9,167740,7311,1376,0,0,16
T0_4569_Tol,4,3,|2||13|,|2||13|,3,0,1,12,169848,9419,2108,1,3,26
T0_4569_Tol,5,3,|2|13||,|||132|,0,0,1,12,171153,0,0,0,0,26
T0_4569_Tol,5,3,|23|1||,|||132|,1,0,1,12,174351,3198,3198,0,0,26
T0_4569_Tol,5,3,|23||1|,|||132|,2,0,1,12,175725,4572,1374,0,0,26
T0_4569_Tol,5,3,|2|3|1|,|||132|,3,0,1,12,177305,6152,1580,0,0,26
T0_4569_Tol,5,3,||3|12|,|||132|,4,0,1,12,178783,7630,1478,0,0,26
T0_4569_Tol,5,3,|2|3|1|,|||132|,5,0,1,12,181423,10270,2640,0,0,26
T0_4569_Tol,5,3,|2||13|,|||132|,6,0,1,12,182998,11845,1575,0,0,26
T0_4569_Tol,5,3,|||132|,|||132|,7,0,1,15,184437,13284,1439,1,4,33
T0_4569_Tol,6,3,|13||2|,|12|3||,0,0,1,15,185936,0,0,0,0,33
T0_4569_Tol,6,3,|1|3|2|,|12|3||,1,0,1,15,188317,2381,2381,0,0,33
T0_4569_Tol,6,3,|12|3||,|12|3||,2,0,1,18,189998,4062,1681,1,2,43
T0_4569_Tol,7,3,|1|2|3|,|2|3|1|,0,0,1,18,191073,0,0,0,0,43
T0_4569_Tol,7,3,||2|31|,|2|3|1|,1,0,1,18,194730,3657,3657,0,0,43
T0_4569_Tol,7,3,|2||31|,|2|3|1|,2,0,1,18,196258,5185,1528,0,0,43
T0_4569_Tol,7,3,|2|1|3|,|2|3|1|,3,0,1,18,198773,7700,2515,0,0,43
T0_4569_Tol,7,3,|23|1||,|2|3|1|,4,0,1,18,200867,9794,2094,0,0,43
T0_4569_Tol,7,3,|23||1|,|2|3|1|,5,0,1,18,202141,11068,1274,0,0,43
T0_4569_Tol,7,3,|2|3|1|,|2|3|1|,6,0,1,21,203420,12347,1279,1,5,52
T0_4569_Tol,8,3,|1|3|2|,|3|2|1|,0,0,1,21,204284,0,0,0,0,52
T0_4569_Tol,8,3,|13||2|,|3|2|1|,1,0,1,21,209098,4814,4814,0,0,52
T0_4569_Tol,8,3,|13|2||,|3|2|1|,2,0,1,21,210417,6133,1319,0,0,52
T0_4569_Tol,8,3,|1|23||,|3|2|1|,3,0,1,21,211823,7539,1406,0,0,52
T0_4569_Tol,8,3,||23|1|,|3|2|1|,4,0,1,21,213299,9015,1476,0,0,52
T0_4569_Tol,8,3,|3|2|1|,|3|2|1|,5,0,1,24,214566,10282,1267,1,5,62
T0_4569_Tol,9,4,|14|3|2|,|4|12|3|,0,0,1,24,215844,0,0,0,0,62
T0_4569_Tol,9,4,|142|3||,|4|12|3|,1,0,1,24,222825,6981,6981,0,0,62
T0_4569_Tol,9,4,|142||3|,|4|12|3|,2,0,1,24,224010,8166,1185,0,0,62
T0_4569_Tol,9,4,|14||32|,|4|12|3|,3,0,1,24,227978,12134,3968,0,0,62
T0_4569_Tol,9,4,|1||324|,|4|12|3|,4,0,1,24,229777,13933,1799,0,0,62
T0_4569_Tol,9,4,||1|324|,|4|12|3|,5,0,1,24,231122,15278,1345,0,0,62
T0_4569_Tol,9,4,|4|1|32|,|4|12|3|,6,0,1,24,232463,16619,1341,0,0,62
T0_4569_Tol,9,4,|4|12|3|,|4|12|3|,7,0,1,27,233772,17928,1309,1,7,72
T0_4569_Tol,10,4,|32|1|4|,||432|1|,0,0,1,27,235183,0,0,0,0,72
T0_4569_Tol,10,4,|324|1||,||432|1|,1,0,1,27,240299,5116,5116,0,0,72
T0_4569_Tol,10,4,|324||1|,||432|1|,2,0,1,27,241642,6459,1343,0,0,72
T0_4569_Tol,10,4,|32||14|,||432|1|,3,0,1,27,244532,9349,2890,0,0,72
T0_4569_Tol,10,4,|32|4|1|,||432|1|,4,0,1,27,247604,12421,3072,0,0,72
T0_4569_Tol,10,4,|3|42|1|,||432|1|,5,0,1,27,249249,14066,1645,0,0,72
T0_4569_Tol,10,4,|3|4|12|,||432|1|,6,0,1,27,251041,15858,1792,0,0,72
T0_4569_Tol,10,4,||43|12|,||432|1|,7,0,1,27,252942,17759,1901,0,0,72
T0_4569_Tol,10,4,||432|1|,||432|1|,8,0,1,30,254276,19093,1334,1,6,80
T0_4569_Tol,11,4,|1|43|2|,|412|3||,0,0,1,30,255307,0,0,0,0,80
T0_4569_Tol,11,4,|1|4|23|,|412|3||,1,0,1,30,261394,6087,6087,0,0,80
T0_4569_Tol,11,4,||4|231|,|412|3||,2,0,1,30,262692,7385,1298,0,0,80
T0_4569_Tol,11,4,|4||231|,|412|3||,3,0,1,30,263879,8572,1187,0,0,80
T0_4569_Tol,11,4,|41||23|,|412|3||,4,0,1,30,265559,10252,1680,0,0,80
T0_4569_Tol,11,4,|41|3|2|,|412|3||,5,0,1,30,267188,11881,1629,0,0,80
T0_4569_Tol,11,4,|412|3||,|412|3||,6,0,1,33,268271,12964,1083,1,6,90
T0_4569_Tol,12,4,|12|4|3|,|341||2|,0,0,1,33,269240,0,0,0,0,90
T0_4569_Tol,12,4,|12|43||,|341||2|,1,0,1,33,272825,3585,3585,0,0,90
T0_4569_Tol,12,4,|1|43|2|,|341||2|,2,0,1,33,273880,4640,1055,0,0,90
T0_4569_Tol,12,4,||43|21|,|341||2|,3,0,1,33,275872,6632,1992,0,0,90
T0_4569_Tol,12,4,|3|4|21|,|341||2|,4,0,1,33,277482,8242,1610,0,0,90
T0_4569_Tol,12,4,|34||21|,|341||2|,5,0,1,33,278909,9669,1427,0,0,90
T0_4569_Tol,12,4,|341||2|,|341||2|,6,0,1,36,280260,11020,1351,1,6,100
T0_4569_Tol,13,4,|2|314||,|4|23|1|,0,0,1,36,281358,0,0,0,0,100
T0_4569_Tol,13,4,||314|2|,|4|23|1|,1,0,1,36,284242,2884,2884,0,0,100
T0_4569_Tol,13,4,|4|31|2|,|4|23|1|,2,0,1,36,285379,4021,1137,0,0,100
T0_4569_Tol,13,4,|42|31||,|4|23|1|,3,0,1,36,287328,5970,1949,0,0,100
T0_4569_Tol,13,4,|42|3|1|,|4|23|1|,4,0,1,36,288313,6955,985,0,0,100
T0_4569_Tol,13,4,|42||13|,|4|23|1|,5,0,1,36,290564,9206,2251,0,0,100
T0_4569_Tol,13,4,|4|2|13|,|4|23|1|,6,0,1,36,291576,10218,1012,0,0,100
T0_4569_Tol,13,4,|4|23|1|,|4|23|1|,7,0,1,39,292785,11427,1209,1,7,110
T0_4569_Tol,14,4,|3|241||,|21|4|3|,0,0,1,39,293679,0,0,0,0,110
T0_4569_Tol,14,4,||241|3|,|21|4|3|,1,0,1,39,295930,2251,2251,0,0,110
T0_4569_Tol,14,4,||24|31|,|21|4|3|,2,0,1,39,299090,5411,3160,0,0,110
T0_4569_Tol,14,4,||2|314|,|21|4|3|,3,0,1,39,300083,6404,993,0,0,110
T0_4569_Tol,14,4,|2||314|,|21|4|3|,4,0,1,39,301118,7439,1035,0,0,110
T0_4569_Tol,14,4,|2|4|31|,|21|4|3|,5,0,1,39,302057,8378,939,0,0,110
T0_4569_Tol,14,4,|21|4|3|,|21|4|3|,6,0,1,42,303246,9567,1189,1,6,120
T0_4569_Tol,15,4,|41|2|3|,|4|31|2|,0,0,1,42,304104,0,0,0,0,120
T0_4569_Tol,15,4,|41|2|3|,|4|31|2|,1,0,1,42,307575,3471,3471,0,0,120
T0_4569_Tol,15,4,|412||3|,|4|31|2|,2,0,1,42,310245,6141,2670,0,0,120
T0_4569_Tol,15,4,|412|3||,|4|31|2|,3,0,1,42,311171,7067,926,0,0,120
T0_4569_Tol,15,4,|41|3|2|,|4|31|2|,4,0,1,42,313172,9068,2001,0,0,120
T0_4569_Tol,15,4,|4|31|2|,|4|31|2|,5,0,1,45,314621,10517,1449,1,4,129
T0_4569_Tol,16,4,|2||431|,|1||342|,0,0,1,45,315404,0,0,0,0,129
T0_4569_Tol,16,4,||2|431|,|1||342|,1,0,1,45,318627,3223,3223,0,0,129
T0_4569_Tol,16,4,||21|43|,|1||342|,2,0,1,45,320965,5561,2338,0,0,129
T0_4569_Tol,16,4,||213|4|,|1||342|,3,0,1,45,323021,7617,2056,0,0,129
T0_4569_Tol,16,4,|4|213||,|1||342|,4,0,1,45,328703,13299,5682,0,0,129
T0_4569_Tol,16,4,|4|21|3|,|1||342|,5,0,1,45,329941,14537,1238,0,0,129
T0_4569_Tol,16,4,||21|34|,|1||342|,6,0,1,45,330984,15580,1043,0,0,129
T0_4569_Tol,16,4,|1|2|34|,|1||342|,7,0,1,45,332605,17201,1621,0,0,129
T0_4569_Tol,16,4,|1||342|,|1||342|,8,0,1,48,333427,18023,822,1,7,138
T0_4569_Tol,17,5,|4||5231|,|1|325|4|,0,0,1,48,334165,0,0,0,0,138
T0_4569_Tol,17,5,|4|1|523|,|1|325|4|,1,0,1,48,337767,3602,3602,0,0,138
T0_4569_Tol,17,5,||1|5234|,|1|325|4|,2,0,1,48,338995,4830,1228,0,0,138
T0_4569_Tol,17,5,|1||5234|,|1|325|4|,3,0,1,48,340107,5942,1112,0,0,138
T0_4569_Tol,17,5,|14||523|,|1|325|4|,4,0,1,48,343420,9255,3313,0,0,138
T0_4569_Tol,17,5,|143||52|,|1|325|4|,5,0,1,48,346795,12630,3375,0,0,138
T0_4569_Tol,17,5,|14|3|52|,|1|325|4|,6,0,1,48,351062,16897,4267,0,0,138
T0_4569_Tol,17,5,|14|32|5|,|1|325|4|,7,0,1,48,352670,18505,1608,0,0,138
T0_4569_Tol,17,5,|14|325||,|1|325|4|,8,0,1,48,354439,20274,1769,0,0,138
T0_4569_Tol,17,5,|1|325|4|,|1|325|4|,9,0,1,51,355462,21297,1023,1,7,146
T0_4569_Tol,18,5,|1|324|5|,|41|3|52|,0,0,1,51,356471,0,0,0,0,146
T0_4569_Tol,18,5,||324|51|,|41|3|52|,1,0,1,51,359653,3182,3182,0,0,146
T0_4569_Tol,18,5,|4|32|51|,|41|3|52|,2,0,1,51,360567,4096,914,0,0,146
T0_4569_Tol,18,5,|41|32|5|,|41|3|52|,3,0,1,51,361851,5380,1284,0,0,146
T0_4569_Tol,18,5,|41|3|52|,|41|3|52|,4,0,1,54,363814,7343,1963,1,4,156
T0_4569_Tol,19,5,|3|21|45|,|53|14|2|,0,0,1,54,364859,0,0,0,0,156
T0_4569_Tol,19,5,||213|45|,|53|14|2|,1,0,1,54,367988,3129,3129,0,0,156
T0_4569_Tol,19,5,|5|213|4|,|53|14|2|,2,0,1,54,369440,4581,1452,0,0,156
T0_4569_Tol,19,5,|53|21|4|,|53|14|2|,3,0,1,54,370407,5548,967,0,0,156
T0_4569_Tol,19,5,|534|21||,|53|14|2|,4,0,1,54,373136,8277,2729,0,0,156
T0_4569_Tol,19,5,|5341|2||,|53|14|2|,5,0,1,54,375719,10860,2583,0,0,156
T0_4569_Tol,19,5,|5341||2|,|53|14|2|,6,0,1,54,376722,11863,1003,0,0,156
T0_4569_Tol,19,5,|534|1|2|,|53|14|2|,7,0,1,54,377991,13132,1269,0,0,156
T0_4569_Tol,19,5,|53|14|2|,|53|14|2|,8,0,1,57,378921,14062,930,1,8,166
T0_4569_Tol,20,5,|15|34|2|,||43|152|,0,0,1,57,379556,0,0,0,0,166
T0_4569_Tol,20,5,|15|3|24|,||43|152|,1,0,1,57,383917,4361,4361,0,0,166
T0_4569_Tol,20,5,|153||24|,||43|152|,2,0,1,57,384815,5259,898,0,0,166
T0_4569_Tol,20,5,|153|4|2|,||43|152|,3,0,1,57,385777,6221,962,0,0,166
T0_4569_Tol,20,5,|15|43|2|,||43|152|,4,0,1,57,386531,6975,754,0,0,166
T0_4569_Tol,20,5,|1|435|2|,||43|152|,5,0,1,57,389407,9851,2876,0,0,166
T0_4569_Tol,20,5,|1|4352||,||43|152|,6,0,1,57,394250,14694,4843,0,0,166
T0_4569_Tol,20,5,||4352|1|,||43|152|,7,0,1,57,395678,16122,1428,0,0,166
T0_4569_Tol,20,5,|2|435|1|,||43|152|,8,0,1,57,396876,17320,1198,0,0,166
T0_4569_Tol,20,5,|2|43|15|,||43|152|,9,0,1,57,397634,18078,758,0,0,166
T0_4569_Tol,20,5,||43|152|,||43|152|,10,0,1,60,399342,19786,1708,1,9,175
T0_4569_Tol,21,5,|531|4|2|,||234|51|,0,0,1,60,400286,0,0,0,0,175
T0_4569_Tol,21,5,|531|42||,||234|51|,1,0,1,60,403957,3671,3671,0,0,175
T0_4569_Tol,21,5,|53|421||,||234|51|,2,0,1,60,405832,5546,1875,0,0,175
T0_4569_Tol,21,5,|5|4213||,||234|51|,3,0,1,60,406837,6551,1005,0,0,175
T0_4569_Tol,21,5,||4213|5|,||234|51|,4,0,1,60,408284,7998,1447,0,0,175
T0_4569_Tol,21,5,|3|421|5|,||234|51|,5,0,1,60,409906,9620,1622,0,0,175
T0_4569_Tol,21,5,|3|42|51|,||234|51|,6,0,1,60,411113,10827,1207,0,0,175
T0_4569_Tol,21,5,|3|4|512|,||234|51|,7,0,1,60,414566,14280,3453,0,0,175
T0_4569_Tol,21,5,|34||512|,||234|51|,8,0,1,60,419185,18899,4619,0,0,175
T0_4569_Tol,21,5,|34|2|51|,||234|51|,9,0,1,60,420318,20032,1133,0,0,175
T0_4569_Tol,21,5,|3|2|514|,||234|51|,10,0,1,60,423630,23344,3312,0,0,175
T0_4569_Tol,21,5,||23|514|,||234|51|,11,0,1,60,424934,24648,1304,0,0,175
T0_4569_Tol,21,5,||234|51|,||234|51|,12,0,1,63,425847,25561,913,1,10,183
T0_4569_Tol,22,5,|4|31|25|,|452|3|1|,0,0,1,63,426740,0,0,0,0,183
T0_4569_Tol,22,5,|4|315|2|,|452|3|1|,1,0,1,63,430810,4070,4070,0,0,183
T0_4569_Tol,22,5,|45|31|2|,|452|3|1|,2,0,1,63,434319,7579,3509,0,0,183
T0_4569_Tol,22,5,|452|31||,|452|3|1|,3,0,1,63,435968,9228,1649,0,0,183
T0_4569_Tol,22,5,|452|3|1|,|452|3|1|,4,0,1,66,437530,10790,1562,1,3,192
T0_4569_Tol,23,5,|235|1|4|,|215|43||,0,0,1,66,438664,0,0,0,0,192
T0_4569_Tol,23,5,|2351||4|,|215|43||,1,0,1,66,441623,2959,2959,0,0,192
T0_4569_Tol,23,5,|2351|4||,|215|43||,2,0,1,66,442618,3954,995,0,0,192
T0_4569_Tol,23,5,|235|4|1|,|215|43||,3,0,1,66,443893,5229,1275,0,0,192
T0_4569_Tol,23,5,|23|4|15|,|215|43||,4,0,1,66,447376,8712,3483,0,0,192
T0_4569_Tol,23,5,|2|43|15|,|215|43||,5,0,1,66,448989,10325,1613,0,0,192
T0_4569_Tol,23,5,|2|435|1|,|215|43||,6,0,1,66,450512,11848,1523,0,0,192
T0_4569_Tol,23,5,|21|435||,|215|43||,7,0,1,66,451495,12831,983,0,0,192
T0_4569_Tol,23,5,|215|43||,|215|43||,8,0,1,69,452345,13681,850,1,8,202
T0_4569_Tol,24,5,|1||5432|,|5|41|32|,0,0,1,69,453213,0,0,0,0,202
T0_4569_Tol,24,5,|12||543|,|5|41|32|,1,0,1,69,462216,9003,9003,0,0,202
T0_4569_Tol,24,5,|123||54|,|5|41|32|,2,0,1,69,464113,10900,1897,0,0,202
T0_4569_Tol,24,5,|1234||5|,|5|41|32|,3,0,1,69,466181,12968,2068,0,0,202
T0_4569_Tol,24,5,|1234|5||,|5|41|32|,4,0,1,69,472599,19386,6418,0,0,202
T0_4569_Tol,24,5,|123|5|4|,|5|41|32|,5,0,1,69,473776,20563,1177,0,0,202
T0_4569_Tol,24,5,|1235||4|,|5|41|32|,6,0,1,69,475664,22451,1888,0,0,202
T0_4569_Tol,24,5,|1235|4||,|5|41|32|,7,0,1,69,477431,24218,1767,0,0,202
T0_4569_Tol,24,5,|123|45||,|5|41|32|,8,0,1,69,481431,28218,4000,0,0,202
T0_4569_Tol,24,5,|12|45|3|,|5|41|32|,9,0,1,69,483111,29898,1680,0,0,202
T0_4569_Tol,24,5,|1|45|32|,|5|41|32|,10,0,1,69,484732,31519,1621,0,0,202
T0_4569_Tol,24,5,||45|321|,|5|41|32|,11,0,1,69,488556,35343,3824,0,0,202
T0_4569_Tol,24,5,|5|4|321|,|5|41|32|,12,0,1,69,489891,36678,1335,0,0,202
T0_4569_Tol,24,5,|5|41|32|,|5|41|32|,13,0,1,72,490957,37744,1066,1,9,208
