sub,trial,size,current,end,step,reset,tries,score,abstime,trialtime,clicktime,done,movimentos_minimos,pontuacao_acumulada
T0_4577_tol,1,3,||231||,|2|31||,0,0,1,0,36209,0,0,0,0,0
T0_4577_tol,1,3,|1|23||,|2|31||,1,0,1,0,70501,34292,34292,0,0,0
T0_4577_tol,1,3,|1|2|3|,|2|31||,2,0,1,0,78553,42344,8052,0,0,0
T0_4577_tol,1,3,|1|2|3|,|2|31||,3,0,1,0,87449,51240,8896,0,0,0
T0_4577_tol,1,3,||2|31|,|2|31||,4,0,1,0,95556,59347,8107,0,0,0
T0_4577_tol,1,3,|2||31|,|2|31||,5,0,1,0,106536,70327,10980,0,0,0
T0_4577_tol,1,3,|21||3|,|2|31||,6,0,1,0,111057,74848,4521,0,0,0
T0_4577_tol,1,3,|21|3||,|2|31||,7,0,1,0,114357,78148,3300,0,0,0
T0_4577_tol,1,3,|2|31||,|2|31||,8,0,1,3,118118,81909,3761,1,5,7
T0_4577_tol,2,3,|||132|,|12|3||,0,0,1,3,124177,0,0,0,0,7
T0_4577_tol,2,3,|2||13|,|12|3||,1,0,1,3,132288,8111,8111,0,0,7
T0_4577_tol,2,3,|2|3|1|,|12|3||,2,0,1,3,136558,12381,4270,0,0,7
T0_4577_tol,2,3,||32|1|,|12|3||,3,0,1,3,143989,19812,7431,0,0,7
T0_4577_tol,2,3,|1|32||,|12|3||,4,0,1,3,147086,22909,3097,0,0,7
T0_4577_tol,2,3,|12|3||,|12|3||,5,0,1,6,150678,26501,3592,1,5,17
T0_4577_tol,3,3,|13||2|,||2|31|,0,0,1,6,152961,0,0,0,0,17
T0_4577_tol,3,3,|13|2||,||2|31|,1,0,1,6,160527,7566,7566,0,0,17
T0_4577_tol,3,3,|1|2|3|,||2|31|,2,0,1,6,163714,10753,3187,0,0,17
T0_4577_tol,3,3,||2|31|,||2|31|,3,0,1,9,165893,12932,2179,1,3,27
T0_4577_tol,4,3,|3|12||,||2|31|,0,0,1,9,167710,0,0,0,0,27
T0_4577_tol,4,3,|3|1|2|,||2|31|,1,0,1,9,178357,10647,10647,0,0,27
T0_4577_tol,4,3,||1|23|,||2|31|,2,0,1,9,186829,19119,8472,0,0,27
T0_4577_tol,4,3,|1||23|,||2|31|,3,0,1,9,188981,21271,2152,0,0,27
T0_4577_tol,4,3,||1|23|,||2|31|,4,0,1,9,198037,30327,9056,0,0,27
T0_4577_tol,4,3,|3|1|2|,||2|31|,5,0,1,9,202480,34770,4443,0,0,27
T0_4577_tol,4,3,|31||2|,||2|31|,6,0,1,9,211702,43992,9222,0,0,27
T0_4577_tol,4,3,|31|2||,||2|31|,7,0,1,9,213488,45778,1786,0,0,27
T0_4577_tol,4,3,|3|21||,||2|31|,8,0,1,9,217772,50062,4284,0,0,27
T0_4577_tol,4,3,||21|3|,||2|31|,9,0,1,9,220101,52391,2329,0,0,27
T0_4577_tol,4,3,||2|31|,||2|31|,10,0,1,12,223534,55824,3433,1,4,31
T0_4577_tol,5,3,||3|12|,|23||1|,0,0,1,12,225755,0,0,0,0,31
T0_4577_tol,5,3,|2|3|1|,|23||1|,1,0,1,12,234925,9170,9170,0,0,31
T0_4577_tol,5,3,|23||1|,|23||1|,2,0,1,15,237959,12204,3034,1,2,41
T0_4577_tol,6,3,||31|2|,||32|1|,0,0,1,15,239605,0,0,0,0,41
T0_4577_tol,6,3,|1|3|2|,||32|1|,1,0,1,15,248331,8726,8726,0,0,41
T0_4577_tol,6,3,|1|32||,||32|1|,2,0,1,15,251138,11533,2807,0,0,41
T0_4577_tol,6,3,||32|1|,||32|1|,3,0,1,18,253530,13925,2392,1,3,51
T0_4577_tol,7,3,|1|23||,|13||2|,0,0,1,18,255334,0,0,0,0,51
T0_4577_tol,7,3,|13|2||,|13||2|,1,0,1,18,261898,6564,6564,0,0,51
T0_4577_tol,7,3,|13||2|,|13||2|,2,0,1,21,264158,8824,2260,1,2,61
T0_4577_tol,8,3,|3|2|1|,|||231|,0,0,1,21,265562,0,0,0,0,61
T0_4577_tol,8,3,|31|2||,|||231|,1,0,1,21,273313,7751,7751,0,0,61
T0_4577_tol,8,3,|31||2|,|||231|,2,0,1,21,278158,12596,4845,0,0,61
T0_4577_tol,8,3,|3|1|2|,|||231|,3,0,1,21,279645,14083,1487,0,0,61
T0_4577_tol,8,3,||1|23|,|||231|,4,0,1,21,281421,15859,1776,0,0,61
T0_4577_tol,8,3,|||231|,|||231|,5,0,1,24,283761,18199,2340,1,5,71
T0_4577_tol,9,4,|2|34|1|,|42|3|1|,0,0,1,24,285196,0,0,0,0,71
T0_4577_tol,9,4,||34|12|,|42|3|1|,1,0,1,24,297363,12167,12167,0,0,71
T0_4577_tol,9,4,|4|3|12|,|42|3|1|,2,0,1,24,299762,14566,2399,0,0,71
T0_4577_tol,9,4,|42|3|1|,|42|3|1|,3,0,1,27,301663,16467,1901,1,3,81
T0_4577_tol,10,4,|41||23|,||24|31|,0,0,1,27,304500,0,0,0,0,81
T0_4577_tol,10,4,|413||2|,||24|31|,1,0,1,27,315952,11452,11452,0,0,81
T0_4577_tol,10,4,|413|2||,||24|31|,2,0,1,27,318599,14099,2647,0,0,81
T0_4577_tol,10,4,|41|2|3|,||24|31|,3,0,1,27,323397,18897,4798,0,0,81
T0_4577_tol,10,4,|4|2|31|,||24|31|,4,0,1,27,325898,21398,2501,0,0,81
T0_4577_tol,10,4,||24|31|,||24|31|,5,0,1,30,327801,23301,1903,1,5,91
T0_4577_tol,11,4,|1|43|2|,|41|23||,0,0,1,30,329035,0,0,0,0,91
T0_4577_tol,11,4,||43|21|,|41|23||,1,0,1,30,344232,15197,15197,0,0,91
T0_4577_tol,11,4,|1|43|2|,|41|23||,2,0,1,30,354705,25670,10473,0,0,91
T0_4577_tol,11,4,|1|4|23|,|41|23||,3,0,1,30,356297,27262,1592,0,0,91
T0_4577_tol,11,4,|14||23|,|41|23||,4,0,1,30,357788,28753,1491,0,0,91
T0_4577_tol,11,4,|143||2|,|41|23||,5,0,1,30,361594,32559,3806,0,0,91
T0_4577_tol,11,4,|143|2||,|41|23||,6,0,1,30,363247,34212,1653,0,0,91
T0_4577_tol,11,4,|14|23||,|41|23||,7,0,1,30,365382,36347,2135,0,0,91
T0_4577_tol,11,4,|1|23|4|,|41|23||,8,0,1,30,372121,43086,6739,0,0,91
T0_4577_tol,11,4,||231|4|,|41|23||,9,0,1,30,373856,44821,1735,0,0,91
T0_4577_tol,11,4,|4|231||,|41|23||,10,0,1,30,375217,46182,1361,0,0,91
T0_4577_tol,11,4,|41|23||,|41|23||,11,0,1,33,376494,47459,1277,1,7,97
T0_4577_tol,12,4,|3|41|2|,|2|134||,0,0,1,33,377769,0,0,0,0,97
T0_4577_tol,12,4,||413|2|,|2|134||,1,0,1,33,384672,6903,6903,0,0,97
T0_4577_tol,12,4,|2|413||,|2|134||,2,0,1,33,386329,8560,1657,0,0,97
T0_4577_tol,12,4,|2|41|3|,|2|134||,3,0,1,33,392798,15029,6469,0,0,97
T0_4577_tol,12,4,|21|4|3|,|2|134||,4,0,1,33,394460,16691,1662,0,0,97
T0_4577_tol,12,4,|21||34|,|2|134||,5,0,1,33,396238,18469,1778,0,0,97
T0_4577_tol,12,4,|2|1|34|,|2|134||,6,0,1,33,397553,19784,1315,0,0,97
T0_4577_tol,12,4,|24|1|3|,|2|134||,7,0,1,33,399969,22200,2416,0,0,97
T0_4577_tol,12,4,|24|13||,|2|134||,8,0,1,33,401654,23885,1685,0,0,97
T0_4577_tol,12,4,|2|134||,|2|134||,9,0,1,36,402855,25086,1201,1,6,104
T0_4577_tol,13,4,|23|14||,|41||23|,0,0,1,36,403907,0,0,0,0,104
T0_4577_tol,13,4,|23|1|4|,|41||23|,1,0,1,36,417545,13638,13638,0,0,104
T0_4577_tol,13,4,|2|1|43|,|41||23|,2,0,1,36,424613,20706,7068,0,0,104
T0_4577_tol,13,4,||1|432|,|41||23|,3,0,1,36,427050,23143,2437,0,0,104
T0_4577_tol,13,4,||12|43|,|41||23|,4,0,1,36,429767,25860,2717,0,0,104
T0_4577_tol,13,4,||123|4|,|41||23|,5,0,1,36,431018,27111,1251,0,0,104
T0_4577_tol,13,4,|4|123||,|41||23|,6,0,1,36,432237,28330,1219,0,0,104
T0_4577_tol,13,4,|4|12|3|,|41||23|,7,0,1,36,437659,33752,5422,0,0,104
T0_4577_tol,13,4,|4|1|32|,|41||23|,8,0,1,36,438924,35017,1265,0,0,104
T0_4577_tol,13,4,|41||32|,|41||23|,9,0,1,36,440182,36275,1258,0,0,104
T0_4577_tol,13,4,|41|2|3|,|41||23|,10,0,1,36,443369,39462,3187,0,0,104
T0_4577_tol,13,4,|413|2||,|41||23|,11,0,1,36,445195,41288,1826,0,0,104
T0_4577_tol,13,4,|413||2|,|41||23|,12,0,1,36,446776,42869,1581,0,0,104
T0_4577_tol,13,4,|41||23|,|41||23|,13,0,1,39,449272,45365,2496,1,5,106
T0_4577_tol,14,4,|3|1|24|,|4|2|31|,0,0,1,39,451690,0,0,0,0,106
T0_4577_tol,14,4,||13|24|,|4|2|31|,1,0,1,39,457452,5762,5762,0,0,106
T0_4577_tol,14,4,|4|13|2|,|4|2|31|,2,0,1,39,458766,7076,1314,0,0,106
T0_4577_tol,14,4,|43|1|2|,|4|2|31|,3,0,1,39,466354,14664,7588,0,0,106
T0_4577_tol,14,4,|431||2|,|4|2|31|,4,0,1,39,467597,15907,1243,0,0,106
T0_4577_tol,14,4,|431|2||,|4|2|31|,5,0,1,39,468992,17302,1395,0,0,106
T0_4577_tol,14,4,|43|21||,|4|2|31|,6,0,1,39,471208,19518,2216,0,0,106
T0_4577_tol,14,4,|4|21|3|,|4|2|31|,7,0,1,39,472483,20793,1275,0,0,106
T0_4577_tol,14,4,|4|2|31|,|4|2|31|,8,0,1,42,473762,22072,1279,1,6,114
T0_4577_tol,15,4,||213|4|,||32|14|,0,0,1,42,477218,0,0,0,0,114
T0_4577_tol,15,4,|3|21|4|,||32|14|,1,0,1,42,489780,12562,12562,0,0,114
T0_4577_tol,15,4,|34|21||,||32|14|,2,0,1,42,494393,17175,4613,0,0,114
T0_4577_tol,15,4,|34|2|1|,||32|14|,3,0,1,42,495798,18580,1405,0,0,114
T0_4577_tol,15,4,|3|2|14|,||32|14|,4,0,1,42,497113,19895,1315,0,0,114
T0_4577_tol,15,4,|3||142|,||32|14|,5,0,1,42,499683,22465,2570,0,0,114
T0_4577_tol,15,4,||3|142|,||32|14|,6,0,1,42,500988,23770,1305,0,0,114
T0_4577_tol,15,4,||32|14|,||32|14|,7,0,1,45,502207,24989,1219,1,7,124
T0_4577_tol,16,4,||43|12|,|4213|||,0,0,1,45,503136,0,0,0,0,124
T0_4577_tol,16,4,||43|12|,|4213|||,1,0,1,45,506616,3480,3480,0,0,124
T0_4577_tol,16,4,||4|123|,|4213|||,2,0,1,45,508199,5063,1583,0,0,124
T0_4577_tol,16,4,|4||123|,|4213|||,3,0,1,45,509258,6122,1059,0,0,124
T0_4577_tol,16,4,|4|3|12|,|4213|||,4,0,1,45,512134,8998,2876,0,0,124
T0_4577_tol,16,4,|4|32|1|,|4213|||,5,0,1,45,514738,11602,2604,0,0,124
T0_4577_tol,16,4,|41|32||,|4213|||,6,0,1,45,515895,12759,1157,0,0,124
T0_4577_tol,16,4,|4|32|1|,|4213|||,7,0,1,45,520538,17402,4643,0,0,124
T0_4577_tol,16,4,|42|3|1|,|4213|||,8,0,1,45,521735,18599,1197,0,0,124
T0_4577_tol,16,4,|421|3||,|4213|||,9,0,1,45,524253,21117,2518,0,0,124
T0_4577_tol,16,4,|4213|||,|4213|||,10,0,1,48,526093,22957,1840,1,6,130
T0_4577_tol,17,5,|52|14|3|,|1|5|324|,0,0,1,48,526722,0,0,0,0,130
T0_4577_tol,17,5,|52|1|34|,|1|5|324|,1,0,1,48,536436,9714,9714,0,0,130
T0_4577_tol,17,5,|5|1|342|,|1|5|324|,2,0,1,48,538407,11685,1971,0,0,130
T0_4577_tol,17,5,||1|3425|,|1|5|324|,3,0,1,48,539723,13001,1316,0,0,130
T0_4577_tol,17,5,|1||3425|,|1|5|324|,4,0,1,48,541608,14886,1885,0,0,130
T0_4577_tol,17,5,|1|5|342|,|1|5|324|,5,0,1,48,542846,16124,1238,0,0,130
T0_4577_tol,17,5,|1|52|34|,|1|5|324|,6,0,1,48,549826,23104,6980,0,0,130
T0_4577_tol,17,5,|14|52|3|,|1|5|324|,7,0,1,48,551091,24369,1265,0,0,130
T0_4577_tol,17,5,|14|5|32|,|1|5|324|,8,0,1,48,553276,26554,2185,0,0,130
T0_4577_tol,17,5,|1|5|324|,|1|5|324|,9,0,1,51,554795,28073,1519,1,5,136
T0_4577_tol,18,5,|53|2|41|,|132|45||,0,0,1,51,555769,0,0,0,0,136
T0_4577_tol,18,5,|5|23|41|,|132|45||,1,0,1,51,566426,10657,10657,0,0,136
T0_4577_tol,18,5,||235|41|,|132|45||,2,0,1,51,567795,12026,1369,0,0,136
T0_4577_tol,18,5,|1|235|4|,|132|45||,3,0,1,51,569099,13330,1304,0,0,136
T0_4577_tol,18,5,|1|23|45|,|132|45||,4,0,1,51,570547,14778,1448,0,0,136
T0_4577_tol,18,5,|13|2|45|,|132|45||,5,0,1,51,571872,16103,1325,0,0,136
T0_4577_tol,18,5,|132||45|,|132|45||,6,0,1,51,575941,20172,4069,0,0,136
T0_4577_tol,18,5,|1325||4|,|132|45||,7,0,1,51,577735,21966,1794,0,0,136
T0_4577_tol,18,5,|1325|4||,|132|45||,8,0,1,51,579306,23537,1571,0,0,136
T0_4577_tol,18,5,|132|45||,|132|45||,9,0,1,54,580920,25151,1614,1,9,146
T0_4577_tol,19,5,|3|514|2|,|453|21||,0,0,1,54,581912,0,0,0,0,146
T0_4577_tol,19,5,||514|23|,|453|21||,1,0,1,54,592184,10272,10272,0,0,146
T0_4577_tol,19,5,|4|51|23|,|453|21||,2,0,1,54,593289,11377,1105,0,0,146
T0_4577_tol,19,5,|43|51|2|,|453|21||,3,0,1,54,598668,16756,5379,0,0,146
T0_4577_tol,19,5,|43|5|21|,|453|21||,4,0,1,54,599684,17772,1016,0,0,146
T0_4577_tol,19,5,|4|5|213|,|453|21||,5,0,1,54,605704,23792,6020,0,0,146
T0_4577_tol,19,5,|45||213|,|453|21||,6,0,1,54,606733,24821,1029,0,0,146
T0_4577_tol,19,5,|453||21|,|453|21||,7,0,1,54,608462,26550,1729,0,0,146
T0_4577_tol,19,5,|4531||2|,|453|21||,8,0,1,54,611383,29471,2921,0,0,146
T0_4577_tol,19,5,|4531|2||,|453|21||,9,0,1,54,612854,30942,1471,0,0,146
T0_4577_tol,19,5,|453|21||,|453|21||,10,0,1,57,614357,32445,1503,1,9,155
T0_4577_tol,20,5,|413|5|2|,|5|31|24|,0,0,1,57,615374,0,0,0,0,155
T0_4577_tol,20,5,|413||25|,|5|31|24|,1,0,1,57,635388,20014,20014,0,0,155
T0_4577_tol,20,5,|41|3|25|,|5|31|24|,2,0,1,57,636924,21550,1536,0,0,155
T0_4577_tol,20,5,|4|31|25|,|5|31|24|,3,0,1,57,641377,26003,4453,0,0,155
T0_4577_tol,20,5,|4|315|2|,|5|31|24|,4,0,1,57,646028,30654,4651,0,0,155
T0_4577_tol,20,5,||315|24|,|5|31|24|,5,0,1,57,647345,31971,1317,0,0,155
T0_4577_tol,20,5,|5|31|24|,|5|31|24|,6,0,1,60,648644,33270,1299,1,6,165
T0_4577_tol,21,5,||153|24|,||513|24|,0,0,1,60,649594,0,0,0,0,165
T0_4577_tol,21,5,|3|15|24|,||513|24|,1,0,1,60,669511,19917,19917,0,0,165
T0_4577_tol,21,5,|3|1|245|,||513|24|,2,0,1,60,671144,21550,1633,0,0,165
T0_4577_tol,21,5,|31||245|,||513|24|,3,0,1,60,672430,22836,1286,0,0,165
T0_4577_tol,21,5,|31|5|24|,||513|24|,4,0,1,60,673701,24107,1271,0,0,165
T0_4577_tol,21,5,|3|51|24|,||513|24|,5,0,1,60,675723,26129,2022,0,0,165
T0_4577_tol,21,5,||513|24|,||513|24|,6,0,1,63,677454,27860,1731,1,6,175
T0_4577_tol,22,5,|1|45|32|,|1|4|253|,0,0,1,63,678466,0,0,0,0,175
T0_4577_tol,22,5,|12|45|3|,|1|4|253|,1,0,1,63,687780,9314,9314,0,0,175
T0_4577_tol,22,5,|12|453||,|1|4|253|,2,0,1,63,692962,14496,5182,0,0,175
T0_4577_tol,22,5,|1|453|2|,|1|4|253|,3,0,1,63,694354,15888,1392,0,0,175
T0_4577_tol,22,5,|13|45|2|,|1|4|253|,4,0,1,63,695643,17177,1289,0,0,175
T0_4577_tol,22,5,|13|4|25|,|1|4|253|,5,0,1,63,696753,18287,1110,0,0,175
T0_4577_tol,22,5,|1|4|253|,|1|4|253|,6,0,1,66,699825,21359,3072,1,5,184
T0_4577_tol,23,5,|3|24|51|,||123|45|,0,0,1,66,700778,0,0,0,0,184
T0_4577_tol,23,5,|31|24|5|,||123|45|,1,0,1,66,712490,11712,11712,0,0,184
T0_4577_tol,23,5,|315|24||,||123|45|,2,0,1,66,713690,12912,1200,0,0,184
T0_4577_tol,23,5,|315|2|4|,||123|45|,3,0,1,66,714689,13911,999,0,0,184
T0_4577_tol,23,5,|31|2|45|,||123|45|,4,0,1,66,719816,19038,5127,0,0,184
T0_4577_tol,23,5,|31||452|,||123|45|,5,0,1,66,721557,20779,1741,0,0,184
T0_4577_tol,23,5,|3|1|452|,||123|45|,6,0,1,66,722663,21885,1106,0,0,184
T0_4577_tol,23,5,|3|12|45|,||123|45|,7,0,1,66,724935,24157,2272,0,0,184
T0_4577_tol,23,5,||123|45|,||123|45|,8,0,1,69,726044,25266,1109,1,8,194
T0_4577_tol,24,5,||12|354|,|3|51|42|,0,0,1,69,727245,0,0,0,0,194
T0_4577_tol,24,5,||124|35|,|3|51|42|,1,0,1,69,734027,6782,6782,0,0,194
T0_4577_tol,24,5,||1245|3|,|3|51|42|,2,0,1,69,735146,7901,1119,0,0,194
T0_4577_tol,24,5,|3|1245||,|3|51|42|,3,0,1,69,736838,9593,1692,0,0,194
T0_4577_tol,24,5,|35|124||,|3|51|42|,4,0,1,69,745498,18253,8660,0,0,194
T0_4577_tol,24,5,|354|12||,|3|51|42|,5,0,1,69,750269,23024,4771,0,0,194
T0_4577_tol,24,5,|354|1|2|,|3|51|42|,6,0,1,69,751784,24539,1515,0,0,194
T0_4577_tol,24,5,|354|1|2|,|3|51|42|,7,0,1,69,765868,38623,14084,0,0,194
T0_4577_tol,24,5,|354||21|,|3|51|42|,8,0,1,69,767224,39979,1356,0,0,194
T0_4577_tol,24,5,|35||214|,|3|51|42|,9,0,1,69,770353,43108,3129,0,0,194
T0_4577_tol,24,5,|3|5|214|,|3|51|42|,10,0,1,69,771518,44273,1165,0,0,194
T0_4577_tol,24,5,|34|5|21|,|3|51|42|,11,0,1,69,773308,46063,1790,0,0,194
T0_4577_tol,24,5,|34|51|2|,|3|51|42|,12,0,1,69,774644,47399,1336,0,0,194
T0_4577_tol,24,5,|34|512||,|3|51|42|,13,0,1,69,778898,51653,4254,0,0,194
T0_4577_tol,24,5,|3|512|4|,|3|51|42|,14,0,1,69,779961,52716,1063,0,0,194
T0_4577_tol,24,5,|3|51|42|,|3|51|42|,15,0,1,72,781072,53827,1111,1,9,198
